   9.1413067e-03   2.2736777e-02
   1.1865107e-02   2.3428278e-02
  -8.2116386e-03  -2.2786295e-02
  -5.7973143e-03   2.0175326e-02
  -8.2805017e-03  -1.3486978e-02
   1.1327114e-02   3.0206446e-02
   4.6620000e-03   2.6653828e-02
  -4.0597859e-03  -2.0656763e-02
  -5.0013934e-04   2.7544105e-03
  -1.4712918e-04   1.6113025e-02
  -3.6605896e-01   2.1041221e-02
  -3.6462244e-01   2.4497470e-02
  -3.5255046e-01  -8.3511392e-04
  -3.6766276e-01   2.8628782e-02
  -3.5743473e-01   1.4810173e-02
  -3.5513361e-01  -1.1673193e-02
  -3.5066666e-01  -1.4827092e-02
  -3.6206086e-01  -1.2049344e-02
  -3.6546246e-01   3.4339287e-02
  -3.5403235e-01   1.7450364e-02
  -3.7156712e-01   7.6186659e-03
  -3.6355902e-01   4.4545430e-02
  -3.7152292e-01   3.9317604e-02
  -3.7033642e-01  -7.6859504e-03
  -3.6431312e-01   4.7211496e-02
  -3.6316389e-01   4.5808386e-02
  -3.5059660e-01   4.2638633e-02
  -3.5908492e-01   3.0295396e-02
  -3.5086649e-01   1.0034777e-02
  -3.5581340e-01   4.3943130e-02
  -3.5236160e-01   9.7933619e-03
  -3.7524702e-01   2.6393698e-02
  -3.5166631e-01   1.0670574e-02
  -3.6963910e-01   4.3565837e-03
  -3.7169677e-01   4.9781956e-02
  -3.5089545e-01   6.7020969e-03
  -3.6383169e-01   4.2437498e-02
  -3.7377269e-01   6.9450810e-02
  -3.5347118e-01   1.1048919e-02
  -3.7520505e-01   4.3498794e-02
  -3.5274980e-01   1.3487920e-02
  -3.5493465e-01   1.2384344e-02
  -3.6584108e-01   6.1157957e-02
  -3.5881279e-01   6.7908747e-02
  -3.6699885e-01   2.5801837e-02
  -3.7023268e-01   4.5334960e-02
  -3.5382965e-01   7.3634312e-03
  -3.7365037e-01   2.7526625e-02
  -3.5241861e-01   7.0016788e-02
  -3.5855667e-01   4.8105458e-02
  -3.7130235e-01   4.7426937e-02
  -3.5999109e-01   6.7570734e-02
  -3.5004282e-01   6.5404510e-02
  -3.6722005e-01   1.7242238e-02
  -3.6423832e-01   1.0957584e-02
  -3.6280384e-01   6.8775803e-02
  -3.7446073e-01   3.6831943e-02
  -3.6153397e-01   1.7841305e-02
  -3.6426098e-01   2.3404296e-02
  -3.7107969e-01   2.9207733e-02
  -3.7288881e-01   6.1185275e-02
  -3.7236638e-01   2.9768361e-02
  -3.5120631e-01   9.3008878e-03
  -3.6164396e-01   6.6032091e-02
  -3.7354897e-01   7.7401130e-02
  -3.5440007e-01   7.6570105e-02
  -3.6351251e-01   5.0436452e-02
  -3.5225846e-01   4.8630394e-02
  -3.7082004e-01   3.3297540e-02
  -3.6457634e-01   6.9221762e-02
  -3.5799264e-01   6.5867594e-02
  -3.5293694e-01   2.7524198e-02
  -3.6378117e-01   4.1491802e-02
  -3.7376450e-01   1.2943616e-02
  -3.5819241e-01   9.0746167e-03
  -3.7352083e-01   6.7097640e-02
  -3.7442865e-01   1.5114949e-02
  -3.5020795e-01   4.3647290e-02
  -3.6981049e-01   6.6802718e-02
  -6.4890368e-01   5.4073307e-02
  -6.6633872e-01   5.1780786e-02
  -6.4953392e-01   5.3721311e-02
  -6.5605475e-01   6.1357756e-02
  -6.6389740e-01   3.0274396e-02
  -6.5938465e-01  -6.1015717e-04
  -6.6577389e-01   7.0039418e-03
  -6.5855509e-01   4.9287595e-02
  -6.5892552e-01   2.3290532e-02
  -6.6185631e-01  -6.3573682e-03
  -6.4553422e-01  -1.7773275e-02
  -6.6362246e-01  -1.3109307e-02
  -6.4407184e-01   3.8251127e-02
  -6.6856120e-01  -5.4962124e-03
  -6.4756936e-01   1.6687399e-02
  -6.5478305e-01  -2.8257160e-02
  -6.5476715e-01   3.8585562e-03
  -6.5978469e-01  -2.4277244e-02
  -6.5740103e-01   1.1993889e-02
  -6.5710583e-01  -2.2734238e-02
  -6.4919112e-01  -2.5287141e-02
  -6.5886986e-01   1.4862682e-02
  -6.5426642e-01  -2.5454369e-02
  -6.5357483e-01  -4.0405271e-02
  -6.5635510e-01  -1.3695401e-02
  -6.5951762e-01  -3.6705515e-02
  -6.5209392e-01   1.0876725e-02
  -6.5896707e-01  -2.3752418e-02
  -6.6381687e-01  -2.0014280e-02
  -6.4988772e-01  -4.9123468e-02
  -6.6482475e-01   1.1984893e-02
  -6.6135497e-01  -2.2437149e-02
  -6.6102517e-01  -4.4501014e-02
  -6.5860183e-01  -5.2872017e-02
  -6.4817025e-01  -9.5252654e-04
  -6.4927179e-01  -5.7047679e-02
  -6.5271320e-01  -4.4401968e-02
  -6.6343590e-01  -8.7903943e-03
  -6.6094247e-01  -2.3765159e-02
  -6.5818766e-01  -1.4819442e-03
  -6.5164829e-01  -4.7749105e-02
  -6.5704749e-01  -5.3347950e-04
  -6.6096447e-01  -3.8977718e-02
  -6.4905487e-01  -1.9287623e-02
  -6.6552186e-01   7.7578437e-03
  -6.6443551e-01  -3.1103280e-04
  -6.4804322e-01  -1.0129771e-02
  -6.5875926e-01  -1.3728939e-02
  -6.4558218e-01  -4.9662445e-03
  -6.4968105e-01  -4.6989485e-03
  -6.4849299e-01  -3.6629639e-02
  -6.6286550e-01  -5.9702242e-02
  -6.5993119e-01  -2.2386006e-02
  -6.4574960e-01  -4.4777586e-02
  -6.5842879e-01  -3.6039580e-02
  -6.6318062e-01  -3.1979144e-02
  -6.5085849e-01  -1.7179994e-02
  -6.5557982e-01  -2.3978790e-03
  -6.5682234e-01  -7.3534183e-04
  -6.6100976e-01   4.5952463e-03
  -6.6990592e-01   5.9576067e-04
  -6.6267285e-01  -5.3682964e-02
  -6.4804639e-01  -1.1729848e-02
  -6.6183792e-01  -1.6908480e-02
  -6.4554879e-01  -5.7158187e-02
  -6.5264821e-01  -7.6889704e-03
  -6.6975646e-01  -4.0102202e-02
  -6.5087126e-01  -3.7106830e-02
  -6.6012357e-01  -5.3600315e-02
   5.9687573e-01  -4.4121491e-02
   5.7617165e-01  -3.4624111e-02
   5.7479574e-01   1.5180307e-02
   5.9173074e-01  -1.5722515e-02
   5.9600182e-01   1.7009600e-02
   5.9485800e-01   5.0123427e-02
   5.9089962e-01   5.3272089e-02
   5.8216233e-01   5.3008408e-02
   5.7227700e-01   8.4032406e-02
   5.9586274e-01   1.1330233e-01
   5.7495309e-01   1.4876604e-01
   5.7455326e-01   1.6012548e-01
   5.8949372e-01   1.6931704e-01
   5.9548759e-01   1.7589339e-01
   5.9026994e-01   1.4296996e-01
   5.8549144e-01   1.9042946e-01
   5.7468132e-01   1.9549351e-01
   5.8738827e-01   1.9284566e-01
   5.8721869e-01   2.2149460e-01
   5.9295702e-01   2.4549359e-01
   5.9437462e-01   1.8941233e-01
   5.7405822e-01   2.1054867e-01
   5.7297277e-01   2.3683270e-01
   5.8498233e-01   2.5655133e-01
   5.9283158e-01   2.2326367e-01
   5.7232996e-01   2.4646393e-01
   5.9164095e-01   2.3070304e-01
   5.7121063e-01   2.8758908e-01
   5.7858190e-01   2.4370280e-01
   5.7661633e-01   2.7407809e-01
   5.9638418e-01   2.5490212e-01
   5.7331103e-01   2.5860187e-01
   5.8966476e-01   2.6060616e-01
   5.9185179e-01   2.7507721e-01
   5.7985723e-01   2.6130053e-01
   5.9588892e-01   2.5796982e-01
   5.9137771e-01   3.0238641e-01
   5.8294603e-01   2.4868555e-01
   5.8162412e-01   3.0536937e-01
   5.7118675e-01   3.0467155e-01
   5.8083231e-01   2.8002816e-01
   5.7206899e-01   3.0243181e-01
   5.9280773e-01   3.0265479e-01
   5.7247664e-01   2.6245109e-01
   5.7540147e-01   3.1867785e-01
   5.9661038e-01   3.1363585e-01
   5.7979435e-01   2.9480804e-01
   5.8478349e-01   2.5487986e-01
   5.9536182e-01   2.6669069e-01
   5.7189880e-01   2.7543397e-01
   5.7542783e-01   2.9305016e-01
   5.7531857e-01   3.0488995e-01
   5.9110799e-01   2.5834663e-01
   5.7178574e-01   2.8191846e-01
   5.8365157e-01   2.9673552e-01
   5.9032301e-01   2.8049747e-01
   5.9083607e-01   2.7488993e-01
   5.7886974e-01   2.9702997e-01
   5.7602443e-01   3.1425526e-01
   5.8393737e-01   3.2320222e-01
   5.7166704e-01   3.1668718e-01
   5.8205185e-01   3.2186379e-01
   5.8604104e-01   2.9886384e-01
   5.7273763e-01   3.2505491e-01
   5.8863681e-01   2.6181043e-01
   5.9357958e-01   3.0960784e-01
   5.7217138e-01   3.0362236e-01
   5.7273352e-01   2.7318731e-01
   5.8053046e-01   3.0889835e-01
  -9.0435287e-01   3.2171325e-01
  -9.0744878e-01   2.6466039e-01
  -9.0059826e-01   3.1101408e-01
  -8.8671600e-01   2.6608564e-01
  -8.9361563e-01   2.1702381e-01
  -8.9816018e-01   2.0484586e-01
  -8.9603825e-01   1.4178240e-01
  -8.9998546e-01   1.2378404e-01
  -9.0573999e-01   1.0280102e-01
  -8.9517432e-01   1.1241153e-01
  -8.9875577e-01   3.3922372e-02
  -8.9355763e-01   5.5424294e-02
  -9.0016834e-01   1.9542525e-03
  -9.0411355e-01  -2.9290634e-02
  -9.0895919e-01   2.3246294e-03
  -9.0563013e-01  -1.9483542e-02
  -8.9513628e-01  -3.4930585e-02
  -9.0500828e-01  -9.6179279e-02
  -8.9797316e-01  -6.6180324e-02
  -8.8512967e-01  -9.5551656e-02
  -8.8758995e-01  -1.3242354e-01
  -8.8345174e-01  -1.0822686e-01
  -8.8683082e-01  -1.0098349e-01
  -9.0386163e-01  -1.5677570e-01
  -9.0061308e-01  -1.1408839e-01
  -8.8717279e-01  -1.1406323e-01
  -9.0733941e-01  -1.8181033e-01
  -8.8836647e-01  -1.6736805e-01
  -8.9059857e-01  -1.4618175e-01
  -8.9981253e-01  -1.8445634e-01
  -8.9843695e-01  -1.4842686e-01
  -9.0737384e-01  -2.0328578e-01
  -8.8733249e-01  -1.5134937e-01
  -9.0136888e-01  -1.8322791e-01
  -8.8577144e-01  -1.6586432e-01
  -9.0112179e-01  -1.6959907e-01
  -8.9852031e-01  -2.0309786e-01
  -8.8681513e-01  -2.1459552e-01
  -8.9669707e-01  -1.8116871e-01
  -8.9598950e-01  -1.7911928e-01
  -8.9136379e-01  -2.2053202e-01
  -9.0184179e-01  -1.8884982e-01
  -8.8775443e-01  -1.9966566e-01
  -8.8314539e-01  -2.1583559e-01
  -8.8954448e-01  -1.9980943e-01
  -8.8484204e-01  -2.1493640e-01
  -8.9057753e-01  -1.9562882e-01
  -8.9234888e-01  -2.4189364e-01
  -8.8501548e-01  -2.3887373e-01
  -8.8931302e-01  -2.1206722e-01
  -9.0498259e-01  -2.2274298e-01
  -8.8706800e-01  -2.2932398e-01
  -8.8357557e-01  -2.3820189e-01
  -8.9643276e-01  -1.9983027e-01
  -8.8484229e-01  -2.0351241e-01
  -8.9524175e-01  -1.9604034e-01
  -8.9089499e-01  -2.4478439e-01
  -8.9129619e-01  -1.9875279e-01
  -8.8408023e-01  -2.4973992e-01
  -8.9051263e-01  -2.1972845e-01
  -8.8979833e-01  -2.4504495e-01
  -9.0175246e-01  -2.1282135e-01
  -8.8646606e-01  -2.4734639e-01
  -9.0590046e-01  -1.9336694e-01
  -8.9891451e-01  -2.0509792e-01
  -8.8900539e-01  -1.9329750e-01
  -8.8740168e-01  -1.9992077e-01
  -8.9587289e-01  -2.5780297e-01
  -8.8313591e-01  -2.3626037e-01
   5.8807568e-01  -2.3868685e-01
   5.7328511e-01  -2.5112604e-01
   5.8887138e-01  -1.8531936e-01
   5.8660038e-01  -1.5351403e-01
   5.8046926e-01  -1.5752375e-01
   5.7130541e-01  -1.2672090e-01
   5.9502018e-01  -9.8031191e-02
   5.7653967e-01  -8.3579331e-02
   5.7315333e-01  -3.9734321e-02
   5.8501706e-01  -3.9288256e-02
   5.8206528e-01   1.0408084e-02
   5.8456541e-01   1.2728730e-02
   5.9408824e-01   4.9355957e-02
   5.7262707e-01   5.4690790e-02
   5.7281022e-01   1.1587159e-01
   5.7593069e-01   7.6422312e-02
   5.8745715e-01   1.0188775e-01
   5.7913324e-01   1.6525907e-01
   5.7348343e-01   1.7011456e-01
   5.8537683e-01   1.3719103e-01
   5.8195423e-01   1.6381317e-01
   5.8926609e-01   1.8721210e-01
   5.8790016e-01   1.6773797e-01
   5.9549989e-01   2.0602203e-01
   5.8523497e-01   2.0405286e-01
   5.7326767e-01   2.0809101e-01
   5.8196602e-01   2.2852962e-01
   5.7886471e-01   2.5407028e-01
   5.8977640e-01   2.5896393e-01
   5.7593346e-01   2.6007033e-01
   5.7488947e-01   2.1997323e-01
   5.7671159e-01   2.5683647e-01
   5.7626225e-01   2.2991673e-01
   5.8113181e-01   2.5360818e-01
   5.7089093e-01   2.2753067e-01
   5.8755177e-01   2.8650144e-01
   5.8523122e-01   2.6764524e-01
   5.9470719e-01   2.9726387e-01
   5.8469008e-01   2.8623785e-01
   5.7484880e-01   2.6466336e-01
   5.7558723e-01   2.8205683e-01
   5.9667333e-01   2.8343549e-01
   5.9139078e-01   3.0521128e-01
   5.8143273e-01   3.1187226e-01
   5.7664631e-01   2.8556445e-01
   5.8094611e-01   2.7039428e-01
   5.8200752e-01   3.0933275e-01
   5.7270788e-01   3.1578084e-01
   5.9180559e-01   3.0181935e-01
   5.7302478e-01   3.1503798e-01
   5.9408695e-01   2.9864565e-01
   5.9367036e-01   3.1784652e-01
   5.7364860e-01   2.6265583e-01
   5.7269215e-01   2.8981520e-01
   5.8218398e-01   2.8791514e-01
   5.9391957e-01   2.8674139e-01
   5.8586178e-01   3.0717202e-01
   5.9607825e-01   2.9044706e-01
   5.8567424e-01   2.6685536e-01
   5.7900945e-01   3.0331794e-01
   5.9177348e-01   3.1323760e-01
   5.8322416e-01   3.0190382e-01
   5.8709062e-01   2.8810196e-01
   5.7630770e-01   2.7569660e-01
   5.7189718e-01   2.9886102e-01
   5.7318593e-01   2.7983416e-01
   5.8649487e-01   3.1583466e-01
   5.8732501e-01   2.8142204e-01
   5.8146866e-01   2.9769025e-01
   7.2834492e-01   3.2217499e-01
   7.1587248e-01   2.6287343e-01
   7.1227261e-01   3.1432390e-01
   7.1640152e-01   3.2877889e-01
   7.1441252e-01   3.6052356e-01
   7.2891996e-01   3.7705143e-01
   7.3624475e-01   3.8330736e-01
   7.2050794e-01   4.0250814e-01
   7.1079835e-01   3.6896455e-01
   7.2664052e-01   3.9451789e-01
   7.1487831e-01   4.3923214e-01
   7.2558457e-01   4.0010933e-01
   7.2406114e-01   4.1204064e-01
   7.1920314e-01   4.8986200e-01
   7.2887558e-01   4.4547776e-01
   7.1939002e-01   4.8588083e-01
   7.2439724e-01   4.7951916e-01
   7.2246098e-01   4.7446035e-01
   7.1061397e-01   4.8299082e-01
   7.1368419e-01   5.3427298e-01
   7.2839621e-01   5.3555919e-01
   7.2066414e-01   4.8729162e-01
   7.1601646e-01   4.9483841e-01
   7.1318468e-01   5.3721163e-01
   7.2149853e-01   5.2336932e-01
   7.1804785e-01   5.3389964e-01
   7.2689496e-01   5.0207532e-01
   7.1242232e-01   5.5979953e-01
   7.1241393e-01   5.0884929e-01
   7.3114007e-01   5.5840821e-01
   7.2952406e-01   5.7611918e-01
   7.2031293e-01   5.8286230e-01
   7.3591199e-01   5.3403285e-01
   7.2600471e-01   5.4636523e-01
   7.1968175e-01   5.6177453e-01
   7.3006161e-01   5.8012533e-01
   7.2897417e-01   5.8601488e-01
   7.2374563e-01   5.3723580e-01
   7.1311178e-01   5.6533199e-01
   7.1309571e-01   5.3039536e-01
   7.1554689e-01   5.7095424e-01
   7.2860278e-01   5.9253706e-01
   7.2816275e-01   5.6478810e-01
   7.3231492e-01   5.5026919e-01
   7.2633113e-01   5.4544303e-01
   7.3077037e-01   5.9410549e-01
   7.2658543e-01   5.9812300e-01
   7.1328332e-01   5.4971731e-01
   7.1626674e-01   6.0120192e-01
   7.1843868e-01   5.7296368e-01
   7.1841632e-01   5.9474897e-01
   7.3420886e-01   6.0412556e-01
   7.1178896e-01   6.0596793e-01
   7.2845984e-01   5.6290332e-01
   7.2330844e-01   5.7416657e-01
   7.2366878e-01   5.8334248e-01
   7.2199697e-01   5.4869491e-01
   7.3196624e-01   5.4435443e-01
   7.2257384e-01   5.5572608e-01
   7.2922414e-01   5.4828582e-01
   7.2074661e-01   5.8904697e-01
   7.1329157e-01   5.3994196e-01
   7.2042115e-01   5.8242346e-01
   7.2377084e-01   6.0745633e-01
   7.2859607e-01   5.8045323e-01
   7.1141432e-01   5.7486960e-01
   7.1620303e-01   5.5040784e-01
   7.3184777e-01   5.8616070e-01
   7.2257351e-01   5.8947549e-01
  -7.9036097e-01   5.8069426e-01
  -7.8908079e-01   5.8196787e-01
  -7.8554853e-01   5.2243629e-01
  -7.8782637e-01   5.4285868e-01
  -7.9502940e-01   5.0072461e-01
  -7.7823932e-01   4.1548124e-01
  -7.8529091e-01   4.2067050e-01
  -7.9040317e-01   3.4642621e-01
  -7.9765791e-01   3.4469004e-01
  -7.9031665e-01   2.8692500e-01
  -7.9816978e-01   2.7573959e-01
  -7.9513685e-01   2.4241668e-01
  -7.7552660e-01   2.2768017e-01
  -7.7914659e-01   2.0651979e-01
  -7.9691105e-01   1.7083063e-01
  -7.7502681e-01   1.3648705e-01
  -7.8446904e-01   1.2558425e-01
  -7.8255544e-01   9.6407693e-02
  -7.9383675e-01   6.9086793e-02
  -7.7584139e-01   3.6071169e-02
  -7.8628549e-01   2.5833421e-02
  -7.9991902e-01   4.9996643e-03
  -7.7491513e-01  -2.0476920e-03
  -7.7726284e-01  -2.2992960e-02
  -7.8331645e-01   2.4616811e-02
  -7.9782710e-01   3.8768767e-03
  -7.8345693e-01  -4.7457743e-02
  -7.9824429e-01  -5.0437437e-02
  -7.9235492e-01  -4.3582661e-02
  -7.8388962e-01  -2.7248537e-02
  -7.9939868e-01  -5.8057002e-02
  -7.9602279e-01  -6.9920703e-02
  -7.8120435e-01  -8.7673413e-02
  -7.8630818e-01  -4.4052771e-02
  -7.9503325e-01  -6.8353670e-02
  -7.7627176e-01  -6.5923358e-02
  -7.9455010e-01  -1.0849040e-01
  -7.9097208e-01  -8.5751006e-02
  -7.9603293e-01  -5.9518829e-02
  -7.9052524e-01  -9.3504752e-02
  -7.8098268e-01  -9.4896238e-02
  -7.9936717e-01  -1.0637603e-01
  -7.8556438e-01  -1.1153534e-01
  -7.9447362e-01  -6.8351928e-02
  -7.7627475e-01  -1.2977948e-01
  -7.8667745e-01  -8.2631406e-02
  -7.9607021e-01  -1.1502383e-01
  -7.7855858e-01  -9.4217133e-02
  -7.8060916e-01  -8.3855565e-02
  -7.9121154e-01  -7.2691354e-02
  -7.8399106e-01  -1.2231155e-01
  -7.8425197e-01  -1.1212911e-01
  -7.8431327e-01  -1.4032765e-01
  -7.8465022e-01  -1.1007816e-01
  -7.9938448e-01  -9.9568319e-02
  -7.9007857e-01  -9.9413984e-02
  -7.7560655e-01  -1.0979826e-01
  -7.8299354e-01  -1.1730116e-01
  -7.7593249e-01  -1.0651674e-01
  -7.7711315e-01  -1.0629515e-01
  -7.8172924e-01  -9.4279073e-02
  -7.8864247e-01  -1.3903177e-01
  -7.7899270e-01  -1.0077893e-01
  -7.7791044e-01  -8.8898237e-02
  -7.9531137e-01  -1.2881343e-01
  -7.9096366e-01  -9.5306605e-02
  -7.8542824e-01  -1.1572085e-01
  -7.9534200e-01  -1.3765325e-01
  -7.8804165e-01  -9.5900072e-02
  -6.6049678e-01  -8.2550345e-02
  -6.4988493e-01  -1.3333939e-01
  -6.4495594e-01  -1.4401096e-01
  -6.4821962e-01  -1.3600768e-01
  -6.6370061e-01  -8.2852633e-02
  -6.4738802e-01  -1.0662516e-01
  -6.4805361e-01  -8.8740229e-02
  -6.6387657e-01  -1.1342995e-01
  -6.4541546e-01  -8.3411443e-02
  -6.6436096e-01  -4.8010790e-02
  -6.4192062e-01  -4.6787698e-02
  -6.4687378e-01  -7.6628938e-02
  -6.6293584e-01  -7.0259619e-02
  -6.5658241e-01  -7.6144847e-02
  -6.6166461e-01  -8.8466151e-02
  -6.5904191e-01  -6.2320832e-02
  -6.4001386e-01  -6.7751344e-02
  -6.4001472e-01  -1.8157016e-02
  -6.4428121e-01  -5.4636880e-02
  -6.4126194e-01  -5.4830450e-02
  -6.4752349e-01  -5.3372054e-02
  -6.4851774e-01  -6.7854607e-02
  -6.5234638e-01  -4.8400298e-02
  -6.3947314e-01  -4.0527890e-02
  -6.4643600e-01  -5.5032236e-02
  -6.5538436e-01  -2.7894631e-02
  -6.6319326e-01  -2.8875937e-02
  -6.4621459e-01  -2.1746070e-02
  -6.5190476e-01  -5.2676115e-02
  -6.5168082e-01  -3.5187711e-02
  -6.4408860e-01  -4.6175545e-02
  -6.4356168e-01  -2.2654918e-02
  -6.4064369e-01   1.4455623e-03
  -6.5261147e-01  -1.1954901e-02
  -6.6057563e-01  -3.8525076e-02
  -6.6061857e-01  -3.3529658e-02
  -6.4972179e-01  -2.6463185e-02
  -6.3991896e-01  -1.7764266e-02
  -6.4114606e-01  -9.2281879e-03
  -6.5085981e-01  -3.5301243e-02
  -6.5774901e-01  -1.4928673e-02
  -6.5939788e-01  -4.3575286e-02
  -6.4532774e-01  -5.3369506e-02
  -6.5958852e-01  -6.1859277e-02
  -6.5369311e-01  -5.9918492e-02
  -6.5613057e-01  -3.7536573e-02
  -6.5431621e-01  -5.7805203e-03
  -6.4428918e-01  -3.1359394e-02
  -6.6446601e-01  -5.1589594e-02
  -6.5920049e-01  -3.9692692e-02
  -6.4165415e-01  -5.2530588e-02
  -6.4339467e-01  -2.4774707e-03
  -6.4364194e-01  -2.9904083e-02
  -6.6121800e-01  -5.4122398e-02
  -6.5731732e-01   5.0344963e-03
  -6.4609455e-01   6.5464777e-03
  -6.4962991e-01  -4.1495629e-02
  -6.4988696e-01  -1.5730426e-03
  -6.4155492e-01   9.3676300e-04
  -6.5214621e-01  -1.6790609e-02
  -6.4465977e-01  -2.8167433e-02
  -6.4433972e-01  -1.1935884e-02
  -6.4833540e-01  -3.8386350e-02
  -6.4968685e-01  -2.4214632e-02
  -6.5751436e-01  -3.6131222e-02
  -6.4015221e-01  -2.1336585e-02
  -6.4127995e-01  -1.0293163e-02
  -6.4835443e-01  -3.4928637e-02
  -6.6069007e-01  -4.8309196e-02
  -9.7868028e-01  -1.4611941e-02
  -9.7487266e-01  -3.6459663e-02
  -9.6685813e-01  -3.1636249e-02
  -9.7596042e-01  -3.7536982e-02
  -9.7544206e-01  -4.9022635e-02
  -9.6015555e-01  -4.8539296e-02
  -9.5788023e-01  -1.2389997e-01
  -9.6117786e-01  -1.1063742e-01
  -9.7043276e-01  -1.2050584e-01
  -9.6056802e-01  -1.2549687e-01
  -9.6488033e-01  -1.7911382e-01
  -9.5854391e-01  -1.6571832e-01
  -9.7659639e-01  -1.6807024e-01
  -9.5931176e-01  -2.2613910e-01
  -9.6368570e-01  -1.8878883e-01
  -9.6619547e-01  -2.2123892e-01
  -9.7749407e-01  -1.8935890e-01
  -9.6201958e-01  -2.2216521e-01
  -9.7206613e-01  -2.4246570e-01
  -9.7319607e-01  -2.5326225e-01
  -9.7093091e-01  -2.8228846e-01
  -9.7632089e-01  -2.7840469e-01
  -9.6802078e-01  -2.6768440e-01
  -9.5811792e-01  -2.8386027e-01
  -9.6043243e-01  -2.9621400e-01
  -9.5828062e-01  -2.7905897e-01
  -9.6994013e-01  -2.4360931e-01
  -9.7007294e-01  -2.7786554e-01
  -9.6888471e-01  -2.8380089e-01
  -9.6123897e-01  -3.0112671e-01
  -9.6150582e-01  -2.8496035e-01
  -9.7999115e-01  -3.0533639e-01
  -9.7675753e-01  -3.2631858e-01
  -9.7459749e-01  -2.9810357e-01
  -9.6432828e-01  -2.8402004e-01
  -9.6562001e-01  -2.8539517e-01
  -9.7482514e-01  -2.9554719e-01
  -9.7395952e-01  -3.1084670e-01
  -9.7475201e-01  -3.3598378e-01
  -9.7120540e-01  -2.9971080e-01
  -9.6068236e-01  -3.2201515e-01
  -9.5853580e-01  -3.2096478e-01
  -9.6866065e-01  -3.0739279e-01
  -9.5876878e-01  -3.2021927e-01
  -9.6168168e-01  -2.8982588e-01
  -9.7628583e-01  -2.9209186e-01
  -9.7455672e-01  -3.2818101e-01
  -9.7897585e-01  -3.2146479e-01
  -9.5822829e-01  -3.2856998e-01
  -9.7263748e-01  -3.1366692e-01
  -9.6081591e-01  -3.1665198e-01
  -9.5939323e-01  -2.8485112e-01
  -9.6286218e-01  -2.9400562e-01
  -9.7436053e-01  -3.0543733e-01
  -9.8152834e-01  -3.1613892e-01
  -9.6348112e-01  -3.2912678e-01
  -9.6786095e-01  -2.8759469e-01
  -9.6865833e-01  -3.0433100e-01
  -9.6554244e-01  -3.0085467e-01
  -9.6705393e-01  -3.3683594e-01
  -9.6405539e-01  -2.9370725e-01
  -9.6446147e-01  -3.0361050e-01
  -9.7458381e-01  -3.0076964e-01
  -9.7665051e-01  -2.9967907e-01
  -9.7727481e-01  -3.1481782e-01
  -9.5908757e-01  -3.4929627e-01
  -9.7172605e-01  -3.1979053e-01
  -9.6360662e-01  -3.0394542e-01
  -9.7263407e-01  -2.9661237e-01
  -4.2330008e-01  -3.2028676e-01
  -4.2436782e-01  -3.4693645e-01
  -4.1791736e-01  -2.9508523e-01
  -4.2253252e-01  -2.6951025e-01
  -4.3342935e-01  -2.4210680e-01
  -4.1862339e-01  -2.8008757e-01
  -4.3417250e-01  -2.0214807e-01
  -4.1782567e-01  -1.9618890e-01
  -4.1605092e-01  -2.0663770e-01
  -4.2964932e-01  -1.7201029e-01
  -4.1957408e-01  -1.4429827e-01
  -4.3301988e-01  -1.4982839e-01
  -4.3954978e-01  -1.0943284e-01
  -4.1580142e-01  -8.1943340e-02
  -4.3466255e-01  -7.4237610e-02
  -4.2576709e-01  -5.3944554e-02
  -4.1773036e-01  -9.6898465e-02
  -4.3493867e-01  -9.2804177e-02
  -4.3259475e-01  -6.6949840e-02
  -4.2171985e-01  -8.0483851e-02
  -4.2816419e-01  -4.2299529e-02
  -4.3250235e-01  -6.5997642e-02
  -4.3244280e-01  -1.2580001e-03
  -4.2167529e-01  -2.3737996e-02
  -4.3897232e-01  -4.3507694e-02
  -4.3963986e-01  -8.8389759e-03
  -4.1679977e-01  -3.7360715e-02
  -4.1809747e-01   1.5384925e-02
  -4.3208005e-01  -1.4079358e-02
  -4.3917690e-01  -1.2542519e-02
  -4.3215461e-01  -3.0527498e-03
  -4.2376503e-01  -1.5062992e-03
  -4.1789600e-01   2.1791837e-02
  -4.2711117e-01   6.5701009e-03
  -4.2635761e-01   1.6089695e-02
  -4.3262711e-01   4.7861832e-02
  -4.3342097e-01   1.4699860e-02
  -4.4131035e-01   1.5801562e-02
  -4.3090901e-01   2.3172703e-02
  -4.1754543e-01   5.0667709e-02
  -4.3303466e-01   5.6089409e-02
  -4.3384925e-01   2.4119299e-02
  -4.3815344e-01   3.8663690e-02
  -4.2565505e-01   4.8248001e-02
  -4.2752746e-01   1.9690054e-02
  -4.1768909e-01   4.0461765e-02
  -4.3621582e-01   8.6692142e-03
  -4.2008221e-01   1.6670683e-02
  -4.3173199e-01   1.3645043e-02
  -4.2165759e-01   2.7894248e-02
  -4.3608714e-01   1.9283803e-02
  -4.1874075e-01   3.1583804e-02
  -4.3009091e-01   5.2769813e-02
  -4.1846491e-01   1.6831437e-02
  -4.3237369e-01   5.8900281e-03
  -4.2366089e-01   6.5085044e-03
  -4.2641064e-01   1.8795632e-02
  -4.2043522e-01   5.9031497e-02
  -4.3742971e-01   6.7739365e-02
  -4.3738349e-01   2.7015785e-02
  -4.2704214e-01   3.2872246e-02
  -4.2682646e-01   3.7667446e-02
  -4.1897708e-01   6.4486291e-02
  -4.2616805e-01   5.1103024e-02
  -4.2867185e-01   3.8545530e-02
  -4.3381639e-01   6.4365239e-02
  -4.3228253e-01   3.7820561e-02
  -4.2020998e-01   7.6947891e-03
  -4.2813304e-01   4.5645811e-02
  -9.8363697e-01   3.9305848e-02
  -9.7886206e-01   7.0219973e-02
  -9.8114989e-01  -5.5456447e-03
  -9.7250758e-01   4.4876493e-02
  -9.8037467e-01   1.5509273e-02
  -9.8279311e-01  -1.0997571e-02
  -9.7857760e-01  -3.2906168e-02
  -9.8336149e-01  -9.4201827e-02
  -9.7751337e-01  -1.0565377e-01
  -9.7425838e-01  -8.0995398e-02
  -9.7821174e-01  -1.4540576e-01
  -9.9125860e-01  -1.2160031e-01
  -9.7362736e-01  -1.6294423e-01
  -9.7581565e-01  -2.0249660e-01
  -9.8294384e-01  -1.8251177e-01
  -9.9432682e-01  -1.8677863e-01
  -9.7886382e-01  -2.0810175e-01
  -9.8302587e-01  -2.1259127e-01
  -9.7860398e-01  -2.0809817e-01
  -9.9662372e-01  -2.4262165e-01
  -9.8751430e-01  -2.6518059e-01
  -9.7512556e-01  -2.2300071e-01
  -9.7548453e-01  -2.6500286e-01
  -9.7382699e-01  -2.4757690e-01
  -9.8954010e-01  -2.5983985e-01
  -9.9583246e-01  -2.8126199e-01
  -9.8536092e-01  -2.5368199e-01
  -9.9581552e-01  -3.2197702e-01
  -9.7565149e-01  -3.2246081e-01
  -9.9548089e-01  -2.8158741e-01
  -9.8162835e-01  -3.3049278e-01
  -9.8951198e-01  -2.9580724e-01
  -9.9005480e-01  -3.0922596e-01
  -9.7607117e-01  -3.1163371e-01
  -9.8346867e-01  -3.1829692e-01
  -9.8576701e-01  -3.0928188e-01
  -9.8172027e-01  -2.9958564e-01
  -9.9163195e-01  -3.4649603e-01
  -9.9555439e-01  -3.2247929e-01
  -9.8889411e-01  -3.4949059e-01
  -9.8478543e-01  -3.4919399e-01
  -9.9428549e-01  -3.3615718e-01
  -9.9501997e-01  -3.5466335e-01
  -9.7582179e-01  -2.9824456e-01
  -9.9131760e-01  -3.1686844e-01
  -9.8968909e-01  -3.2314512e-01
  -9.9092822e-01  -3.5405396e-01
  -9.7977725e-01  -3.2441207e-01
  -9.9762450e-01  -3.2228670e-01
  -9.9812338e-01  -3.4731828e-01
  -9.9612883e-01  -3.5666871e-01
  -9.9068742e-01  -3.3148148e-01
  -9.7590851e-01  -3.5046582e-01
  -9.9594670e-01  -3.6350099e-01
  -9.7460268e-01  -3.6630139e-01
  -9.9450936e-01  -3.6465803e-01
  -9.8072152e-01  -3.3662174e-01
  -9.9273135e-01  -3.3284113e-01
  -9.8983827e-01  -3.1048193e-01
  -9.8515269e-01  -3.5063910e-01
  -9.9816227e-01  -3.7107486e-01
  -9.9708453e-01  -3.3350194e-01
  -9.7530943e-01  -3.2849039e-01
  -9.9645274e-01  -3.4591202e-01
  -9.8280416e-01  -3.3948618e-01
  -9.8940678e-01  -3.1507611e-01
  -9.7449853e-01  -3.6664886e-01
  -9.8100217e-01  -3.6789806e-01
  -9.9115486e-01  -3.1565007e-01
   5.2125586e-01  -3.5526912e-01
   5.1510232e-01  -3.5671934e-01
   5.3048962e-01  -3.3192723e-01
   5.1196118e-01  -3.3293007e-01
   5.3649634e-01  -2.7791682e-01
   5.2416691e-01  -2.1739471e-01
   5.2831911e-01  -1.8822540e-01
   5.2507350e-01  -1.8460509e-01
   5.2243985e-01  -1.2437947e-01
   5.2138559e-01  -1.2079948e-01
   5.1693743e-01  -1.1160735e-01
   5.1946324e-01  -4.9730113e-02
   5.2776075e-01  -5.1682126e-02
   5.2988015e-01  -5.8250919e-02
   5.1170270e-01  -1.5352756e-02
   5.2019904e-01   7.2358219e-03
   5.2067805e-01   2.7675752e-02
   5.1409738e-01   2.8373780e-02
   5.1551173e-01   5.5287405e-02
   5.2244890e-01   6.6180923e-02
   5.1660034e-01   1.1336034e-01
   5.2040002e-01   9.8315401e-02
   5.2887193e-01   1.0122510e-01
   5.3107000e-01   9.1369200e-02
   5.1985299e-01   1.2932505e-01
   5.1149287e-01   1.1541637e-01
   5.1518484e-01   1.4640576e-01
   5.1853281e-01   1.6779855e-01
   5.2192308e-01   1.3302591e-01
   5.1906301e-01   1.3697906e-01
   5.2287980e-01   1.2739591e-01
   5.1970415e-01   1.3952570e-01
   5.1474921e-01   1.9728709e-01
   5.1819625e-01   1.7817108e-01
   5.2456769e-01   1.6525187e-01
   5.3193064e-01   1.5558586e-01
   5.3672452e-01   1.8599962e-01
   5.2867996e-01   2.0535262e-01
   5.1614887e-01   2.1058343e-01
   5.1461367e-01   1.9207161e-01
   5.2589958e-01   1.9844476e-01
   5.1371245e-01   1.8503135e-01
   5.3259741e-01   1.6575656e-01
   5.3230510e-01   1.9771490e-01
   5.3121664e-01   2.2800253e-01
   5.3094434e-01   1.8532444e-01
   5.3063798e-01   1.9782155e-01
   5.1759491e-01   1.8685282e-01
   5.3213123e-01   1.6421703e-01
   5.2210613e-01   1.9449777e-01
   5.3362267e-01   1.8240676e-01
   5.1478222e-01   2.1208445e-01
   5.3575813e-01   1.9448689e-01
   5.1499769e-01   2.3115370e-01
   5.1206017e-01   1.9668684e-01
   5.2108811e-01   1.9773586e-01
   5.1853547e-01   1.7918336e-01
   5.1985952e-01   2.0431837e-01
   5.2814833e-01   1.9678020e-01
   5.2068988e-01   1.9132495e-01
   5.3051498e-01   2.2496411e-01
   5.3022420e-01   1.7958746e-01
   5.1966713e-01   2.0886786e-01
   5.3098540e-01   2.3106303e-01
   5.1800760e-01   1.9763729e-01
   5.1605833e-01   1.9659054e-01
   5.1205136e-01   2.3969990e-01
   5.2124423e-01   1.9407161e-01
   5.3031705e-01   1.8818946e-01
   7.6580789e-01   2.3840461e-01
   7.5947723e-01   2.1919194e-01
   7.5025378e-01   2.1417790e-01
   7.6472032e-01   2.3450868e-01
   7.5373705e-01   2.6483576e-01
   7.5635441e-01   2.7996351e-01
   7.7199938e-01   3.5046488e-01
   7.4694031e-01   3.7059390e-01
   7.5780880e-01   3.6944390e-01
   7.6674434e-01   3.6526937e-01
   7.5549411e-01   4.1969581e-01
   7.4710158e-01   4.2722133e-01
   7.6982413e-01   4.6169897e-01
   7.7018618e-01   4.4096643e-01
   7.4894985e-01   5.0251524e-01
   7.6629522e-01   5.2296545e-01
   7.4732681e-01   5.3975578e-01
   7.4895368e-01   5.5736439e-01
   7.5405953e-01   5.5452849e-01
   7.6446178e-01   5.8068181e-01
   7.5517193e-01   5.8781571e-01
   7.4793054e-01   5.8180667e-01
   7.6423190e-01   5.7278357e-01
   7.6175198e-01   5.8955579e-01
   7.5148892e-01   5.6159416e-01
   7.6059297e-01   5.7400227e-01
   7.7154112e-01   6.1102000e-01
   7.7158820e-01   6.4595377e-01
   7.4932495e-01   6.0668394e-01
   7.6690383e-01   6.5050360e-01
   7.5794474e-01   6.2285700e-01
   7.5690372e-01   6.2556873e-01
   7.7075138e-01   6.6446764e-01
   7.6064958e-01   6.4451631e-01
   7.5253492e-01   6.6333744e-01
   7.5428109e-01   6.2957325e-01
   7.5413046e-01   6.4682913e-01
   7.4944457e-01   6.5452452e-01
   7.5664498e-01   6.7001860e-01
   7.6584778e-01   6.4467195e-01
   7.5759683e-01   6.1970144e-01
   7.5310490e-01   6.7360171e-01
   7.6129453e-01   6.7441185e-01
   7.4846695e-01   6.6841518e-01
   7.4962262e-01   6.8864018e-01
   7.5661472e-01   6.5080288e-01
   7.7159144e-01   6.3316314e-01
   7.4913894e-01   6.7088738e-01
   7.7038444e-01   6.8841768e-01
   7.5991365e-01   6.3810050e-01
   7.5347146e-01   6.6477467e-01
   7.5460233e-01   6.6072945e-01
   7.6259450e-01   6.4823976e-01
   7.5059377e-01   6.8568555e-01
   7.4996924e-01   6.5956325e-01
   7.4987525e-01   6.3522943e-01
   7.4772180e-01   6.4097497e-01
   7.4840590e-01   6.6785927e-01
   7.6698786e-01   6.5154766e-01
   7.6571040e-01   6.6338177e-01
   7.7021479e-01   6.8764973e-01
   7.5187634e-01   6.9023351e-01
   7.5491045e-01   6.7310948e-01
   7.5285062e-01   6.8767518e-01
   7.4718503e-01   6.5803805e-01
   7.4967621e-01   6.3563356e-01
   7.6368412e-01   6.9349292e-01
   7.5621475e-01   6.5746222e-01
   7.6916850e-01   6.6153995e-01
   5.9032991e-01   6.8799723e-01
   5.8189166e-01   7.0023813e-01
   5.8623050e-01   6.3291847e-01
   5.9323248e-01   6.5441702e-01
   6.0119439e-01   5.9450793e-01
   5.9735110e-01   5.9886408e-01
   5.9654850e-01   6.1391237e-01
   5.8130105e-01   5.6984267e-01
   5.9799553e-01   5.1241057e-01
   5.9330596e-01   5.0779024e-01
   6.0357099e-01   5.2152260e-01
   5.7823088e-01   5.2243043e-01
   5.9948814e-01   4.6377036e-01
   5.8150103e-01   4.5612364e-01
   6.0241348e-01   4.6195956e-01
   5.8673799e-01   4.0306704e-01
   5.9354551e-01   4.2213364e-01
   5.7957641e-01   4.2421174e-01
   5.9850051e-01   4.3487090e-01
   5.8501768e-01   4.0547169e-01
   5.7869659e-01   4.0911793e-01
   5.9911475e-01   3.7833361e-01
   5.9796524e-01   4.0383871e-01
   5.8123982e-01   3.8265398e-01
   5.8100156e-01   3.7242721e-01
   5.8665522e-01   3.2941564e-01
   5.8795113e-01   3.6598197e-01
   5.8476840e-01   3.4590410e-01
   5.7875663e-01   3.2904036e-01
   5.8775527e-01   3.4294633e-01
   5.9238489e-01   3.5534852e-01
   5.8541611e-01   3.2322311e-01
   5.7838657e-01   3.5023481e-01
   5.8505469e-01   3.6531277e-01
   5.9407682e-01   3.2841889e-01
   5.8402041e-01   3.1380414e-01
   5.8262437e-01   3.4806884e-01
   5.9800940e-01   3.2044692e-01
   5.9971955e-01   3.3225136e-01
   5.9488426e-01   3.0059305e-01
   5.8361009e-01   3.0392064e-01
   5.9293498e-01   3.4751000e-01
   6.0273957e-01   2.9375745e-01
   5.8624186e-01   3.0313545e-01
   5.8121508e-01   2.9864089e-01
   5.9707067e-01   3.0002315e-01
   6.0196666e-01   2.8187171e-01
   5.8737528e-01   2.8724717e-01
   5.8098168e-01   3.2428331e-01
   5.8195188e-01   3.2731294e-01
   6.0037928e-01   3.4740928e-01
   5.9047864e-01   3.3806615e-01
   5.8303604e-01   2.7967951e-01
   5.8440386e-01   3.2559727e-01
   5.9610712e-01   2.8314935e-01
   5.9776498e-01   3.3241018e-01
   5.9044667e-01   2.8038421e-01
   6.0184596e-01   3.2039592e-01
   5.9399056e-01   3.2043844e-01
   5.8366195e-01   3.2382455e-01
   5.9917543e-01   3.0752190e-01
   5.8223664e-01   2.8237348e-01
   6.0176771e-01   3.2958467e-01
   5.9799434e-01   3.3066146e-01
   6.0174750e-01   3.1794670e-01
   5.8368005e-01   2.9605328e-01
   5.8919359e-01   3.0858493e-01
   5.9484247e-01   2.8282513e-01
   6.0378176e-01   3.0117687e-01
  -4.8036423e-01   3.1505626e-01
  -4.7423197e-01   3.3371968e-01
  -4.7754392e-01   2.6964112e-01
  -4.5776507e-01   3.0134787e-01
  -4.7881037e-01   2.9015471e-01
  -4.7981208e-01   2.3136825e-01
  -4.6493650e-01   2.7269097e-01
  -4.6960140e-01   1.9816579e-01
  -4.7126128e-01   1.8432243e-01
  -4.6062979e-01   2.1977463e-01
  -4.8011056e-01   1.5915981e-01
  -4.7996478e-01   1.3925256e-01
  -4.5699523e-01   1.2882946e-01
  -4.6668961e-01   1.5707698e-01
  -4.5589973e-01   1.7485288e-01
  -4.7679573e-01   1.0747148e-01
  -4.5696687e-01   9.7282779e-02
  -4.6491311e-01   1.2901499e-01
  -4.7080688e-01   9.1557202e-02
  -4.7863832e-01   8.7234677e-02
  -4.7460016e-01   7.6985243e-02
  -4.8026722e-01   1.2209607e-01
  -4.8111147e-01   8.4529762e-02
  -4.6583780e-01   8.1669903e-02
  -4.5738089e-01   5.8843390e-02
  -4.6298855e-01   1.0702381e-01
  -4.8045704e-01   9.4111572e-02
  -4.5929290e-01   4.7881559e-02
  -4.8039001e-01   4.7553756e-02
  -4.6055964e-01   8.5263162e-02
  -4.7369201e-01   6.2670237e-02
  -4.5889883e-01   4.7331270e-02
  -4.6813165e-01   2.8293369e-02
  -4.6925672e-01   7.3083270e-02
  -4.6995064e-01   8.6700233e-02
  -4.7286902e-01   1.9970620e-02
  -4.7143549e-01   3.0694267e-02
  -4.7156721e-01   2.6720145e-02
  -4.6630013e-01   2.8370885e-02
  -4.7927168e-01   3.4803252e-02
  -4.7148699e-01   7.2084098e-02
  -4.5841151e-01   4.6564275e-02
  -4.6868283e-01   5.1408522e-02
  -4.5795455e-01   4.9778293e-02
  -4.7752725e-01   4.1176418e-02
  -4.7407323e-01   1.2838607e-02
  -4.5994972e-01   2.1229401e-02
  -4.6125110e-01   3.4791852e-02
  -4.5771140e-01   4.5525170e-02
  -4.7618985e-01   3.5973155e-02
  -4.7243726e-01   3.7952482e-02
  -4.6370007e-01   6.9336988e-02
  -4.5748723e-01   3.6838965e-02
  -4.7044814e-01   1.9596346e-02
  -4.6584112e-01   2.2939323e-02
  -4.6381561e-01   4.3974622e-03
  -4.6103214e-01   6.0981353e-02
  -4.5916728e-01   6.8350403e-02
  -4.7012659e-01   3.7842042e-02
  -4.6299379e-01   4.8926601e-02
  -4.6153634e-01   2.3823942e-02
  -4.6951454e-01   1.2796252e-02
  -4.6554783e-01   1.8683735e-02
  -4.6382759e-01   4.0995670e-02
  -4.7738340e-01   5.3755158e-02
  -4.7467680e-01   1.3928203e-02
  -4.6858917e-01   1.7085575e-02
  -4.7634170e-01   3.2717728e-02
  -4.6993333e-01   4.5652515e-02
   2.5468251e-01   1.7967509e-02
   2.5126410e-01   7.4429020e-03
   2.4065097e-01   2.5431876e-02
   2.3422714e-01   8.8341769e-03
   2.5000820e-01   3.0538419e-02
   2.5126997e-01   3.1847850e-03
   2.4419590e-01   4.4979786e-02
   2.5680735e-01   1.9181368e-02
   2.4631322e-01   4.5416474e-02
   2.4626732e-01   2.3910309e-02
   2.5740752e-01   2.9073757e-02
   2.4193884e-01   7.7798116e-03
   2.4101027e-01  -2.4474106e-03
   2.5616283e-01   1.4432657e-03
   2.5578947e-01   3.1827578e-02
   2.5515598e-01   2.0325315e-03
   2.4905677e-01  -9.4959882e-03
   2.5936230e-01   2.9612261e-02
   2.4028753e-01  -4.8012994e-03
   2.5326258e-01   6.8342125e-03
   2.4179127e-01   1.8781469e-02
   2.3432222e-01  -1.2779646e-02
   2.4090442e-01   1.7873754e-02
   2.5954976e-01   1.5324894e-02
   2.4362096e-01   2.1952868e-02
   2.5956562e-01  -1.0356967e-02
   2.4057876e-01  -2.7943977e-03
   2.5067975e-01   3.3433066e-02
   2.5241354e-01   8.1003360e-03
   2.5242038e-01  -1.3324937e-02
   2.5291881e-01  -3.8291586e-03
   2.3663889e-01   2.2841928e-02
   2.3728938e-01   1.1815514e-02
   2.4899810e-01   3.5952096e-03
   2.4714692e-01   2.3533666e-03
   2.5028584e-01   3.7050851e-02
   2.5752814e-01   2.1111562e-02
   2.4308786e-01   7.6786641e-03
   2.4490255e-01  -2.3281542e-02
   2.5448081e-01  -6.8914728e-03
   2.4148416e-01   2.1387718e-02
   2.4929255e-01   1.0622565e-02
   2.5545294e-01   4.3153762e-03
   2.3604188e-01   2.8827578e-02
   2.4904441e-01  -7.2128776e-03
   2.5435604e-01  -7.2777359e-03
   2.3516508e-01   9.7169086e-03
   2.4166713e-01   4.3593759e-02
   2.3520019e-01   2.5971332e-02
   2.4074695e-01  -1.5406047e-02
   2.4165460e-01   1.8288333e-02
   2.4621622e-01   2.6728096e-02
   2.5277666e-01  -9.7920889e-04
   2.4415109e-01  -3.5654516e-03
   2.4729231e-01  -9.4953856e-03
   2.3701371e-01  -1.2973883e-02
   2.5093493e-01  -2.3018286e-02
   2.4481446e-01  -1.6334343e-02
   2.5606976e-01   3.1057695e-02
   2.5869618e-01  -1.5068975e-02
   2.4012861e-01   4.2826610e-02
   2.5345648e-01  -1.1946993e-02
   2.5901274e-01   1.0034259e-02
   2.5164557e-01  -9.9194760e-03
   2.4932508e-01   8.9066007e-03
   2.4607514e-01   4.5986278e-03
   2.3702610e-01  -2.5034358e-02
   2.4608029e-01  -1.1749236e-02
   2.5157518e-01   2.7637415e-02
  -8.9675517e-01  -3.1366556e-03
  -8.9852376e-01  -8.2931795e-04
  -9.0233570e-01   1.5058281e-02
  -9.0256604e-01  -2.3913017e-04
  -9.0223911e-01  -2.5695748e-02
  -9.0455727e-01  -1.1775607e-02
  -8.9129538e-01  -3.2892773e-02
  -8.8260599e-01  -2.6641679e-02
  -8.8232185e-01  -4.4649295e-02
  -8.8464965e-01  -7.5961459e-02
  -8.8838222e-01  -6.2434518e-02
  -8.8791173e-01  -1.0760828e-01
  -8.8578316e-01  -1.0860645e-01
  -9.0071437e-01  -1.3225559e-01
  -8.9924159e-01  -1.1108812e-01
  -8.8258256e-01  -1.4590577e-01
  -8.9904752e-01  -1.6302742e-01
  -8.8569948e-01  -1.7014305e-01
  -8.8567395e-01  -1.3987174e-01
  -8.9609684e-01  -1.5001484e-01
  -8.8344300e-01  -1.7419553e-01
  -9.0348261e-01  -1.8345336e-01
  -9.0739359e-01  -1.5222322e-01
  -8.8588197e-01  -1.6472755e-01
  -8.9871467e-01  -1.9996684e-01
  -9.0437189e-01  -2.0501060e-01
  -8.9310717e-01  -1.9345125e-01
  -9.0210942e-01  -2.1624828e-01
  -8.9065133e-01  -1.9934314e-01
  -8.9684353e-01  -1.6887990e-01
  -8.9679703e-01  -1.9961163e-01
  -8.8914878e-01  -1.9684632e-01
  -8.8374602e-01  -1.7900043e-01
  -8.9095194e-01  -2.1079659e-01
  -8.9905791e-01  -2.2032902e-01
  -8.8894365e-01  -1.9142133e-01
  -9.0201626e-01  -1.8673991e-01
  -8.9937695e-01  -2.0618386e-01
  -9.0336693e-01  -2.0102945e-01
  -9.0264263e-01  -2.1675689e-01
  -8.8538815e-01  -2.4102585e-01
  -9.0312447e-01  -2.1671209e-01
  -9.0208305e-01  -2.1247012e-01
  -8.8806516e-01  -2.1533115e-01
  -8.8553656e-01  -2.1362906e-01
  -8.9926076e-01  -2.3185183e-01
  -8.9619188e-01  -2.2667078e-01
  -8.8693571e-01  -2.2682619e-01
  -8.8337695e-01  -2.3380866e-01
  -8.9621912e-01  -2.5412503e-01
  -9.0349876e-01  -2.3887296e-01
  -8.8685929e-01  -2.4249180e-01
  -9.0166354e-01  -2.0271594e-01
  -9.0686585e-01  -2.0037443e-01
  -8.8841555e-01  -2.3446334e-01
  -8.9913553e-01  -2.2929095e-01
  -9.0525162e-01  -2.4034618e-01
  -9.0160774e-01  -2.2504958e-01
  -9.0614280e-01  -1.9136774e-01
  -8.8685979e-01  -1.9997457e-01
  -8.9599702e-01  -2.2880963e-01
  -9.0591307e-01  -2.0743376e-01
  -8.8228772e-01  -2.5547013e-01
  -8.9971413e-01  -1.9943747e-01
  -9.0222588e-01  -1.9289579e-01
  -8.9163911e-01  -2.5536296e-01
  -8.8700799e-01  -2.2697886e-01
  -8.9016815e-01  -2.0146994e-01
  -9.0204989e-01  -2.5318857e-01
   4.7892342e-01  -2.3492037e-01
   4.6400356e-01  -2.4385983e-01
   4.7934476e-01  -1.8624416e-01
   4.8237665e-01  -1.7850147e-01
   4.8640367e-01  -1.9200770e-01
   4.8285255e-01  -1.5710521e-01
   4.8420411e-01  -1.1681668e-01
   4.7612501e-01  -1.2524246e-01
   4.8519594e-01  -1.0715390e-01
   4.6382692e-01  -4.9145033e-02
   4.6368771e-01  -5.1396843e-02
   4.7955068e-01  -4.7730725e-02
   4.6461527e-01  -5.2095226e-02
   4.7776857e-01  -1.1112215e-02
   4.8672664e-01   1.6046428e-02
   4.6953824e-01   9.5699808e-03
   4.7612274e-01   3.7866640e-02
   4.6916934e-01   7.0470122e-02
   4.7005064e-01   2.4064883e-02
   4.7768845e-01   2.9643177e-02
   4.8378527e-01   9.2802563e-02
   4.6707074e-01   8.6659114e-02
   4.7118840e-01   8.9285922e-02
   4.6691832e-01   1.0704808e-01
   4.7279433e-01   9.7331277e-02
   4.7414106e-01   7.9673783e-02
   4.8114961e-01   6.7828779e-02
   4.6528407e-01   1.2914521e-01
   4.8439031e-01   7.6974289e-02
   4.8630639e-01   1.1047586e-01
   4.8592051e-01   1.2407131e-01
   4.7156289e-01   1.3304080e-01
   4.8159296e-01   1.1021788e-01
   4.8310456e-01   1.3806299e-01
   4.8111843e-01   1.2761938e-01
   4.7141414e-01   1.0586469e-01
   4.7026329e-01   1.0305298e-01
   4.8670401e-01   1.4160948e-01
   4.8218872e-01   1.0746808e-01
   4.6312571e-01   1.5442230e-01
   4.7858396e-01   1.1417344e-01
   4.8195293e-01   1.4086818e-01
   4.8066551e-01   1.4719796e-01
   4.7430953e-01   1.5326559e-01
   4.8105579e-01   1.6588169e-01
   4.7599167e-01   1.4502809e-01
   4.8141688e-01   1.7178832e-01
   4.7755892e-01   1.1273665e-01
   4.8220632e-01   1.7619986e-01
   4.7547842e-01   1.6994905e-01
   4.6777390e-01   1.1338075e-01
   4.8456824e-01   1.5668549e-01
   4.8352686e-01   1.7426399e-01
   4.7660365e-01   1.2565061e-01
   4.6266250e-01   1.2092207e-01
   4.7419954e-01   1.5594745e-01
   4.8092697e-01   1.1430405e-01
   4.8462801e-01   1.3643220e-01
   4.6349861e-01   1.7714362e-01
   4.7449064e-01   1.1959979e-01
   4.6173484e-01   1.5241668e-01
   4.6645649e-01   1.7409522e-01
   4.7102512e-01   1.4299076e-01
   4.8018423e-01   1.4306766e-01
   4.7793102e-01   1.6061254e-01
   4.8679721e-01   1.3741184e-01
   4.7139462e-01   1.2543064e-01
   4.6449510e-01   1.4599223e-01
   4.8394080e-01   1.8345007e-01
  -3.1728155e-01   1.7394075e-01
  -3.1568948e-01   1.3417610e-01
  -3.1636701e-01   1.3136794e-01
  -3.1229958e-01   1.4485278e-01
  -3.2944598e-01   1.5056091e-01
  -3.3147025e-01   1.2535324e-01
  -3.3295556e-01   1.3212104e-01
  -3.3732166e-01   1.2587833e-01
  -3.3095972e-01   1.3720244e-01
  -3.3096381e-01   9.1426417e-02
  -3.1405608e-01   9.4040800e-02
  -3.2529352e-01   1.2249683e-01
  -3.1191608e-01   7.2494730e-02
  -3.3715974e-01   6.3479660e-02
  -3.1477292e-01   1.1071218e-01
  -3.2563562e-01   1.0079122e-01
  -3.3384043e-01   9.6754393e-02
  -3.2095788e-01   8.1994338e-02
  -3.2875300e-01   5.9783325e-02
  -3.3524947e-01   7.9599156e-02
  -3.2862184e-01   8.5259551e-02
  -3.2064200e-01   9.2365731e-02
  -3.3401107e-01   5.5671019e-02
  -3.1889418e-01   3.4053746e-02
  -3.2497037e-01   7.7483786e-02
  -3.2566584e-01   3.5917020e-02
  -3.2302265e-01   7.6243075e-02
  -3.2120453e-01   6.8962176e-02
  -3.3094996e-01   3.5507230e-02
  -3.2499942e-01   5.6610451e-02
  -3.1548545e-01   6.1107584e-02
  -3.1985866e-01   7.7684068e-02
  -3.2444426e-01   1.8454531e-02
  -3.1813880e-01   5.5372402e-02
  -3.3532078e-01   2.1517589e-02
  -3.2576617e-01   3.8569022e-02
  -3.1856453e-01   6.7545778e-02
  -3.1451374e-01   5.2359457e-02
  -3.3525456e-01   2.3175148e-02
  -3.3000483e-01   7.4304909e-02
  -3.3461789e-01   1.6826632e-02
  -3.2488689e-01   3.4877368e-02
  -3.1807681e-01   1.3207488e-02
  -3.2054833e-01   3.0679458e-02
  -3.2172356e-01   2.5214349e-02
  -3.3295017e-01   6.4466676e-02
  -3.2686321e-01   1.6801900e-02
  -3.1305684e-01   2.5127331e-02
  -3.3436712e-01   1.5959326e-02
  -3.2332895e-01   6.4577042e-02
  -3.3663973e-01   5.0852254e-02
  -3.3279483e-01   3.1775476e-02
  -3.2465547e-01   5.3066093e-02
  -3.2685551e-01   7.2286711e-02
  -3.1372197e-01   2.7055675e-02
  -3.2208786e-01   3.6283206e-02
  -3.2798285e-01   2.2492693e-02
  -3.3635121e-01   6.6004046e-02
  -3.2375536e-01   1.2525416e-02
  -3.2419341e-01   4.0241477e-02
  -3.1456864e-01   2.5732646e-02
  -3.1876895e-01   3.4345849e-02
  -3.2235169e-01   1.9341591e-02
  -3.1563420e-01   4.9445625e-02
  -3.3524469e-01   4.7087691e-02
  -3.2341759e-01   1.8196053e-02
  -3.3000990e-01   7.6645034e-02
  -3.1351938e-01   5.9643251e-02
  -3.2696795e-01   1.5498403e-02
   3.5134746e-01   1.4402182e-02
   3.5681474e-01   4.4863451e-02
   3.7016296e-01   3.1020384e-02
   3.7395639e-01   4.2739017e-02
   3.6968631e-01   1.7416566e-02
   3.5816255e-01   7.9347308e-02
   3.7131184e-01   6.5739280e-02
   3.5661124e-01   7.5077485e-02
   3.6490000e-01   6.0935729e-02
   3.5925545e-01   7.2302983e-02
   3.6816191e-01   3.0930957e-02
   3.6887554e-01   7.2995325e-02
   3.6561564e-01   3.5138562e-02
   3.6886337e-01   7.0112779e-02
   3.7414562e-01   4.5952686e-02
   3.6342175e-01   1.9689066e-02
   3.5756365e-01   3.0829181e-02
   3.6859474e-01   3.1868003e-02
   3.7248399e-01   5.2939523e-02
   3.7600562e-01   4.7262308e-02
   3.7341089e-01   3.5715629e-02
   3.6078955e-01   3.1050101e-02
   3.5247082e-01   6.9957635e-02
   3.6599199e-01   6.8430530e-02
   3.6800229e-01   3.8110221e-02
   3.5767528e-01   4.6929391e-02
   3.6715151e-01   7.4638804e-02
   3.7084822e-01   3.0055667e-02
   3.6748031e-01   8.0187813e-02
   3.6749558e-01   5.0521488e-02
   3.5821996e-01   4.4693160e-02
   3.7118712e-01   8.3302876e-02
   3.5824533e-01   6.3664086e-02
   3.7565648e-01   4.8363192e-02
   3.6163343e-01   6.0372880e-02
   3.6230679e-01   4.6148188e-02
   3.5992370e-01   5.8539397e-02
   3.5786961e-01   5.5293382e-02
   3.7545162e-01   7.9681641e-02
   3.5888524e-01   6.2632725e-02
   3.5739677e-01   5.3437161e-02
   3.5193789e-01   4.0565306e-02
   3.5835873e-01   3.9497185e-02
   3.5364714e-01   8.1003007e-02
   3.7005717e-01   9.0575488e-02
   3.5754208e-01   4.2169853e-02
   3.7256043e-01   8.3575076e-02
   3.7044139e-01   2.5844254e-02
   3.5732446e-01   3.4428844e-02
   3.6868261e-01   8.4054347e-02
   3.5317527e-01   4.6787083e-02
   3.6931716e-01   6.3399027e-02
   3.6742262e-01   8.1173328e-02
   3.7368926e-01   2.6200469e-02
   3.6022796e-01   4.6974282e-02
   3.5496750e-01   5.5617222e-02
   3.5535086e-01   2.5324755e-02
   3.6212006e-01   5.6529379e-02
   3.5943338e-01   6.3960804e-02
   3.5911135e-01   4.2086077e-02
   3.5321893e-01   6.5728452e-02
   3.6406698e-01   6.8791343e-02
   3.5185429e-01   5.0950121e-02
   3.6406794e-01   3.1660159e-02
   3.5167348e-01   7.6994624e-02
   3.6058952e-01   7.4164981e-02
   3.6587378e-01   5.0314374e-02
   3.7501704e-01   7.8465562e-02
   3.5112730e-01   7.4818030e-02
  -3.6088951e-01   6.6994984e-02
  -3.5188815e-01   4.7413350e-02
  -3.6041045e-01   6.3927038e-02
  -3.6018339e-01   3.8997607e-02
  -3.4859200e-01   3.4041461e-02
  -3.6309417e-01   5.9003099e-02
  -3.6738737e-01   4.2773945e-02
  -3.4466930e-01   6.2717445e-02
  -3.6749700e-01   5.2985871e-02
  -3.6746876e-01   5.8057795e-02
  -3.5544896e-01   2.7541928e-02
  -3.4364747e-01   4.9777726e-02
  -3.6778798e-01   4.4722572e-02
  -3.5725314e-01   4.6847259e-02
  -3.4842366e-01   6.3579773e-02
  -3.4732183e-01   3.1673826e-02
  -3.6429074e-01   3.0270846e-02
  -3.5831195e-01   2.2376032e-02
  -3.4560620e-01   5.1667933e-02
  -3.5877983e-01   5.1054028e-02
  -3.5373773e-01   1.9170796e-02
  -3.6053954e-01   3.4477731e-02
  -3.6185813e-01   2.3684907e-02
  -3.5967915e-01   7.1210445e-02
  -3.5261277e-01   3.6029321e-02
  -3.5747657e-01   4.8133711e-02
  -3.5180154e-01   3.4602140e-02
  -3.5652222e-01   7.3119786e-02
  -3.5899648e-01   1.8538001e-02
  -3.5927933e-01   6.8934082e-02
  -3.4414779e-01   2.9422229e-02
  -3.6479600e-01   2.6972329e-02
  -3.5659267e-01   3.4214848e-02
  -3.4390004e-01   2.1088267e-02
  -3.4490491e-01   6.6402757e-02
  -3.6867374e-01   1.4327152e-02
  -3.6850394e-01   6.0904810e-02
  -3.5765635e-01   6.2515151e-02
  -3.6765340e-01   1.3682755e-02
  -3.4675231e-01   6.5002493e-02
  -3.4763502e-01   1.5805216e-02
  -3.5653733e-01   1.1195971e-02
  -3.5205822e-01   7.2158550e-02
  -3.6237263e-01   6.0704989e-02
  -3.5144460e-01   1.5689485e-02
  -3.6210037e-01   4.9953690e-02
  -3.4667560e-01   3.5135538e-02
  -3.5766468e-01   6.3108798e-02
  -3.4564415e-01   6.6866297e-02
  -3.4519216e-01   6.8501511e-02
  -3.4575503e-01   4.1335907e-02
  -3.5554681e-01   3.9269923e-02
  -3.5275917e-01   5.2426998e-02
  -3.6618313e-01   7.2494387e-02
  -3.6865057e-01   6.2642677e-02
  -3.5619262e-01   6.9676722e-02
  -3.5848715e-01   2.0124862e-02
  -3.4309940e-01   7.0958615e-02
  -3.4302227e-01   3.7341028e-02
  -3.6130339e-01   5.3489260e-02
  -3.5579521e-01   1.6835418e-02
  -3.4705423e-01   6.7896214e-02
  -3.5401834e-01   7.2388960e-02
  -3.5565772e-01   1.9523242e-02
  -3.6833660e-01   1.9351022e-02
  -3.6868150e-01   5.9468161e-02
  -3.5150291e-01   4.6490554e-02
  -3.4681457e-01   1.7507971e-02
  -3.4673504e-01   6.6911698e-02
  -5.6585766e-01   4.5670442e-02
  -5.7952488e-01   6.4666105e-02
  -5.7192094e-01   1.3375236e-02
  -5.7211668e-01   2.1823943e-02
  -5.6930136e-01   6.3990733e-02
  -5.7241468e-01   4.6185252e-02
  -5.7736214e-01   5.0102305e-02
  -5.8473430e-01   6.6118341e-03
  -5.8433540e-01   6.1449911e-02
  -5.7261165e-01   5.0223535e-02
  -5.8414145e-01   3.9824224e-02
  -5.6295144e-01  -1.9819356e-03
  -5.7684416e-01   4.7914347e-02
  -5.7452983e-01   5.8936650e-02
  -5.8546311e-01  -5.3521790e-04
  -5.7488383e-01   5.0898435e-02
  -5.6749623e-01   2.8472357e-02
  -5.7442035e-01   6.2809703e-04
  -5.7975734e-01   3.2597170e-02
  -5.6277196e-01   3.2617873e-02
  -5.6336616e-01   4.9160817e-02
  -5.7718457e-01  -1.5006952e-02
  -5.7560794e-01  -1.0505135e-02
  -5.7939578e-01   2.5753852e-02
  -5.6121159e-01   3.4802890e-02
  -5.8123998e-01  -1.6722417e-02
  -5.6921984e-01   2.7374652e-02
  -5.8189493e-01   8.8600591e-03
  -5.8146925e-01   3.2470532e-02
  -5.6311866e-01   3.7182421e-03
  -5.8040309e-01  -7.9836333e-03
  -5.6055770e-01   4.1130928e-02
  -5.7606800e-01  -1.5007871e-02
  -5.8541995e-01   1.7557264e-02
  -5.6329040e-01  -5.8937806e-03
  -5.6349485e-01   2.7433171e-02
  -5.7147959e-01   2.0412058e-02
  -5.7316790e-01   8.4610697e-03
  -5.8332861e-01   3.1285946e-02
  -5.7566729e-01  -4.3531061e-05
  -5.7192637e-01  -1.3154487e-02
  -5.6029600e-01   1.9753039e-02
  -5.7413284e-01  -4.6673944e-03
  -5.6442739e-01  -2.3006971e-02
  -5.6223978e-01   4.3898395e-02
  -5.6395717e-01  -1.6295615e-02
  -5.7279696e-01  -8.3586607e-03
  -5.6558506e-01  -1.6636199e-02
  -5.8519250e-01   4.3643315e-02
  -5.7647833e-01  -1.3794027e-02
  -5.7996805e-01   2.4031863e-02
  -5.6916899e-01  -1.6060407e-02
  -5.7692692e-01   2.5557945e-02
  -5.8033878e-01   3.8812891e-02
  -5.6310595e-01   2.6921919e-02
  -5.6687813e-01  -8.5661969e-03
  -5.7694747e-01  -9.7032329e-03
  -5.6094177e-01   2.5281886e-02
  -5.7019695e-01   3.0228143e-02
  -5.7429659e-01   3.5537892e-03
  -5.8021062e-01   3.1722014e-02
  -5.8062447e-01  -2.0676204e-02
  -5.8525754e-01  -1.2216639e-02
  -5.6351780e-01  -5.7430728e-03
  -5.7824609e-01   4.1745450e-02
  -5.7509017e-01  -1.3871182e-02
  -5.6689988e-01   8.3979969e-05
  -5.6341627e-01  -1.8583438e-03
  -5.7395880e-01   3.2463877e-02
   3.3084809e-01  -1.4249219e-02
   3.3539931e-01   1.2020125e-02
   3.2871734e-01   2.5342571e-03
   3.3795688e-01   4.2856117e-02
   3.1682304e-01   4.5119847e-02
   3.2863266e-01   4.9751274e-02
   3.3010258e-01   8.2104557e-03
   3.1665832e-01   1.0112520e-02
   3.1617832e-01   3.1862518e-02
   3.1600576e-01  -4.6987395e-03
   3.1471107e-01   1.7041832e-02
   3.3615277e-01  -1.9832325e-03
   3.3448801e-01   2.5975738e-02
   3.2158778e-01   5.4878762e-02
   3.1469606e-01   4.1537947e-02
   3.2093983e-01   3.0708770e-02
   3.1405636e-01   3.7716770e-02
   3.1459155e-01   3.3377127e-03
   3.3110162e-01   5.3071940e-03
   3.2298070e-01   2.5640583e-02
   3.2582533e-01   4.6907861e-02
   3.1932814e-01   4.7439729e-02
   3.3112140e-01   4.0877362e-02
   3.3489228e-01   5.1862779e-02
   3.1689578e-01   4.0041730e-02
   3.2259391e-01   2.6956741e-02
   3.2276542e-01   6.9469422e-02
   3.2588965e-01   4.2674602e-02
   3.1684843e-01   6.5429110e-02
   3.2311098e-01   6.2164942e-02
   3.1242153e-01   7.2561861e-03
   3.3610386e-01   2.1114907e-02
   3.2352550e-01   5.3300225e-03
   3.3144816e-01   1.2250207e-02
   3.1491006e-01   5.4408833e-02
   3.1448508e-01   3.0077594e-02
   3.3264837e-01   5.1202174e-02
   3.3630647e-01   8.5227436e-03
   3.1826469e-01   4.8922377e-02
   3.2406710e-01   2.9786536e-02
   3.1768954e-01   3.3157451e-02
   3.1508149e-01   5.8454623e-02
   3.1453702e-01   2.3965186e-02
   3.3811807e-01   2.9971823e-02
   3.2376362e-01   6.4609463e-02
   3.1890785e-01   6.6445259e-02
   3.3126746e-01   5.8193129e-02
   3.2234206e-01   2.4947549e-02
   3.2759222e-01   4.4785666e-03
   3.3251883e-01   1.4946610e-02
   3.3079768e-01   2.1361647e-02
   3.3692670e-01   3.6675780e-02
   3.3206375e-01   3.0255312e-02
   3.1684430e-01   5.9854188e-03
   3.2532008e-01   7.3217172e-02
   3.2004518e-01   1.1229382e-02
   3.3472789e-01   6.1643208e-02
   3.2954716e-01   6.9449060e-02
   3.3015966e-01   6.2092649e-02
   3.1532218e-01   1.5162911e-02
   3.2816233e-01   1.6886863e-02
   3.2172639e-01   2.8788337e-02
   3.2283889e-01   5.0941342e-02
   3.1729196e-01   6.8863852e-02
   3.3389628e-01   1.4600646e-02
   3.3688036e-01   6.9164939e-02
   3.3576629e-01   6.0764903e-02
   3.2791791e-01   1.5798119e-02
   3.2332832e-01   4.4110070e-02
  -1.0104454e+00   8.5735408e-03
  -1.0093819e+00   7.1940066e-02
  -9.9714294e-01   9.1849204e-03
  -9.9812116e-01   3.7595921e-02
  -1.0103302e+00   1.7898745e-04
  -9.9869242e-01  -3.9716160e-02
  -1.0099812e+00  -6.1284082e-02
  -9.9066981e-01  -1.0191860e-01
  -9.9943164e-01  -1.3214914e-01
  -9.8566176e-01  -1.4833695e-01
  -9.9591772e-01  -1.6209416e-01
  -9.8796054e-01  -1.2233489e-01
  -9.9576394e-01  -1.9530856e-01
  -9.9827416e-01  -1.7122423e-01
  -9.9524038e-01  -2.2068010e-01
  -9.8628554e-01  -2.3103010e-01
  -1.0103338e+00  -2.2593854e-01
  -1.0033535e+00  -2.7141278e-01
  -1.0086945e+00  -2.7859345e-01
  -9.9326121e-01  -2.4983659e-01
  -9.9433367e-01  -2.3758831e-01
  -1.0082350e+00  -2.9241085e-01
  -9.9327038e-01  -2.4632556e-01
  -1.0078443e+00  -2.8404514e-01
  -9.9419865e-01  -2.8037771e-01
  -1.0061961e+00  -3.1792564e-01
  -1.0026441e+00  -3.3030901e-01
  -1.0018232e+00  -3.0979517e-01
  -9.8859697e-01  -3.2456460e-01
  -1.0049177e+00  -3.1150057e-01
  -9.8947056e-01  -3.0939997e-01
  -9.9583103e-01  -3.3551031e-01
  -9.9538129e-01  -3.3596374e-01
  -9.9336395e-01  -3.6178061e-01
  -1.0063055e+00  -3.5820896e-01
  -9.9879745e-01  -2.9968207e-01
  -1.0013059e+00  -3.5558074e-01
  -1.0076074e+00  -3.2178176e-01
  -1.0037561e+00  -3.2525025e-01
  -9.9124435e-01  -3.4700386e-01
  -9.9482519e-01  -3.2153409e-01
  -1.0019615e+00  -3.5868331e-01
  -1.0015541e+00  -3.6324977e-01
  -9.9830709e-01  -3.2397373e-01
  -1.0011848e+00  -3.2006777e-01
  -9.9170310e-01  -3.6014060e-01
  -9.9789198e-01  -3.2428946e-01
  -1.0091520e+00  -3.4774953e-01
  -9.8509347e-01  -3.6013641e-01
  -1.0087752e+00  -3.7396179e-01
  -1.0004088e+00  -3.6644518e-01
  -9.9139751e-01  -3.3992296e-01
  -9.9259660e-01  -3.8040932e-01
  -1.0103550e+00  -3.2963097e-01
  -9.9650544e-01  -3.4585714e-01
  -1.0002817e+00  -3.3479622e-01
  -1.0026253e+00  -3.4206474e-01
  -9.9803618e-01  -3.1993275e-01
  -9.8470049e-01  -3.1980744e-01
  -9.8581783e-01  -3.3945008e-01
  -9.8944644e-01  -3.8027965e-01
  -9.8552497e-01  -3.3196334e-01
  -1.0018370e+00  -3.3793062e-01
  -9.8770423e-01  -3.2421606e-01
  -1.0009593e+00  -3.8280135e-01
  -1.0058593e+00  -3.3635624e-01
  -1.0040724e+00  -3.6319295e-01
  -9.9556359e-01  -3.5572208e-01
  -9.9846709e-01  -3.5090171e-01
   5.0943278e-01  -3.8234292e-01
   5.1184560e-01  -3.8409373e-01
   5.1102895e-01  -3.3719045e-01
   4.9965423e-01  -3.4518972e-01
   4.9421136e-01  -3.1311801e-01
   4.9442924e-01  -2.3028531e-01
   4.9982206e-01  -2.4377880e-01
   5.0326837e-01  -1.7213821e-01
   5.0330365e-01  -2.0001896e-01
   5.0157327e-01  -1.3781875e-01
   4.9268385e-01  -9.8464347e-02
   5.1037269e-01  -1.2474822e-01
   5.0359264e-01  -4.8101208e-02
   5.1458785e-01  -5.3234122e-02
   5.0479972e-01  -4.9900838e-02
   4.9625391e-01   1.1667795e-03
   5.0829193e-01   3.6071957e-02
   4.9774984e-01   6.2435680e-03
   5.1287680e-01   6.2654513e-02
   4.9765156e-01   3.7240637e-02
   5.0712106e-01   6.0098376e-02
   5.0394294e-01   7.6369700e-02
   5.0903633e-01   7.2883952e-02
   5.0314652e-01   6.0836976e-02
   4.9630064e-01   1.0559962e-01
   5.0113520e-01   1.2120079e-01
   4.9766970e-01   1.1081582e-01
   4.9922380e-01   1.2361714e-01
   5.0842049e-01   1.0839541e-01
   5.0927733e-01   1.3287684e-01
   5.0578045e-01   1.5723638e-01
   4.9212979e-01   1.6476315e-01
   4.9661533e-01   1.2517545e-01
   4.9406679e-01   1.4949749e-01
   5.1132072e-01   1.4066447e-01
   5.1133861e-01   1.5458917e-01
   5.0788227e-01   1.7102283e-01
   5.0129884e-01   1.6201661e-01
   4.9978950e-01   1.5135168e-01
   4.9338056e-01   1.8874285e-01
   4.9274213e-01   1.3829966e-01
   4.9533767e-01   1.3916720e-01
   5.1430599e-01   1.7281595e-01
   5.1057962e-01   1.8941550e-01
   5.1249698e-01   1.6017536e-01
   5.1633456e-01   1.6894833e-01
   5.0988797e-01   1.5413771e-01
   4.9177269e-01   1.5179152e-01
   4.9095884e-01   1.7884094e-01
   5.1147001e-01   1.9554514e-01
   5.0824822e-01   1.7006965e-01
   5.1443785e-01   1.7560935e-01
   5.1230230e-01   1.8850347e-01
   5.0549519e-01   1.9509604e-01
   5.1040036e-01   1.7869692e-01
   5.1273975e-01   1.8799254e-01
   5.0068411e-01   1.5139721e-01
   4.9354195e-01   1.5865449e-01
   5.0197733e-01   1.7828418e-01
   4.9613542e-01   1.8879574e-01
   4.9354371e-01   2.0589827e-01
   4.9218330e-01   1.5750643e-01
   5.0339278e-01   1.9484395e-01
   5.0029693e-01   1.8459147e-01
   4.9473376e-01   2.1163782e-01
   5.1128430e-01   1.8782240e-01
   4.9045452e-01   2.1253074e-01
   5.0372277e-01   2.0835578e-01
   4.9777800e-01   1.7309892e-01
   4.6927787e-01   1.7840320e-01
   4.7826455e-01   1.6316351e-01
   4.7320847e-01   1.8115232e-01
   4.7753634e-01   2.0312090e-01
   4.7142258e-01   1.5518184e-01
   4.6856331e-01   2.0580391e-01
   4.6514213e-01   2.0002775e-01
   4.7476743e-01   1.4437866e-01
   4.7481806e-01   2.0259208e-01
   4.7563913e-01   2.0224087e-01
   4.7350887e-01   1.9998159e-01
   4.7799966e-01   1.5506287e-01
   4.7128824e-01   1.4505755e-01
   4.6667323e-01   1.5396188e-01
   4.6231804e-01   1.8345145e-01
   4.8470134e-01   1.8831772e-01
   4.6265128e-01   1.9391317e-01
   4.6892097e-01   1.4262868e-01
   4.6295144e-01   1.8261942e-01
   4.6378778e-01   1.7746693e-01
   4.8624404e-01   1.4812276e-01
   4.7511114e-01   1.5679973e-01
   4.8356738e-01   1.9013083e-01
   4.7737836e-01   1.2788471e-01
   4.8123340e-01   1.6864214e-01
   4.6370313e-01   1.4891001e-01
   4.7191811e-01   1.4830232e-01
   4.8670307e-01   1.8958915e-01
   4.6208229e-01   1.5641312e-01
   4.6465604e-01   1.6584896e-01
   4.6215220e-01   1.2810764e-01
   4.6717321e-01   1.6314868e-01
   4.6487749e-01   1.2655386e-01
   4.8110965e-01   1.2143907e-01
   4.6255369e-01   1.5739927e-01
   4.6679438e-01   1.3011076e-01
   4.8667597e-01   1.7352089e-01
   4.6831856e-01   1.2765538e-01
   4.7136440e-01   1.7276758e-01
   4.6290307e-01   1.4720825e-01
   4.6668159e-01   1.3986922e-01
   4.8326810e-01   1.4509119e-01
   4.7737583e-01   1.8057781e-01
   4.8039312e-01   1.6394034e-01
   4.6498200e-01   1.7412355e-01
   4.8696180e-01   1.7790485e-01
   4.7879416e-01   1.8034096e-01
   4.8452445e-01   1.8308184e-01
   4.6768508e-01   1.6266971e-01
   4.7735169e-01   1.4391378e-01
   4.7237587e-01   1.8269989e-01
   4.7136854e-01   1.3249048e-01
   4.8470096e-01   1.7036058e-01
   4.8328447e-01   1.7992278e-01
   4.7550511e-01   1.5109659e-01
   4.8210381e-01   1.4197209e-01
   4.6382060e-01   1.3229478e-01
   4.7025888e-01   1.3266385e-01
   4.7537935e-01   1.3427863e-01
   4.7288709e-01   1.5292931e-01
   4.6388751e-01   1.2920450e-01
   4.7724745e-01   1.6231278e-01
   4.7808108e-01   1.2731914e-01
   4.7641739e-01   1.4593713e-01
   4.7262181e-01   1.7031256e-01
   4.7895651e-01   1.3518050e-01
   4.6628924e-01   1.3396325e-01
   4.8489281e-01   1.7052235e-01
   4.8698556e-01   1.5268686e-01
   1.2065383e-01   1.8285492e-01
   1.0444688e-01   1.5018291e-01
   9.8148647e-02   1.3558048e-01
   9.6456481e-02   1.5728297e-01
   1.1471565e-01   1.3975824e-01
   1.1951842e-01   1.3121273e-01
   1.1251345e-01   1.2146398e-01
   1.0316048e-01   1.1874014e-01
   1.0107363e-01   1.0418961e-01
   1.2166816e-01   1.0510516e-01
   1.0678473e-01   9.1622707e-02
   1.1226760e-01   1.0576116e-01
   1.2018013e-01   6.7209366e-02
   1.1254829e-01   3.6991693e-02
   1.0011176e-01   4.9196532e-02
   1.0214308e-01   4.3738848e-02
   1.2052216e-01   1.9469277e-02
   1.0892195e-01   2.7111266e-02
   1.0873800e-01   4.9083126e-02
   1.1000448e-01   5.1949557e-03
   1.1946772e-01   5.8371166e-02
   1.0867757e-01   5.3235220e-02
   9.8015701e-02  -3.1218220e-03
   1.1600776e-01   3.4383756e-02
   1.0867586e-01   1.5583829e-02
   1.0050418e-01   4.0756009e-02
   1.0375503e-01  -6.8055554e-03
   1.0325673e-01   2.4687332e-02
   1.0371658e-01   1.3790902e-02
   1.2058934e-01   8.8997674e-03
   1.0674484e-01  -5.5894276e-03
   1.0697135e-01   3.8164408e-02
   1.0823005e-01  -2.4007038e-02
   1.0425121e-01  -6.7027240e-03
   1.1851292e-01   4.8327051e-03
   1.1057624e-01   3.7641176e-02
   1.1049478e-01  -2.1843659e-02
   9.8202966e-02  -2.1910494e-02
   1.0529277e-01  -2.3496513e-02
   1.0479724e-01  -1.5841609e-02
   1.1798080e-01   1.5306003e-02
   1.0401110e-01   1.0153096e-02
   1.0478722e-01  -2.5670276e-02
   1.1688583e-01  -3.5342518e-02
   1.1173067e-01   2.7158862e-02
   9.8676893e-02   1.3965914e-02
   1.1549875e-01   3.7077441e-03
   1.0511736e-01  -1.3647823e-02
   1.0314536e-01   4.5083559e-03
   1.0231934e-01  -1.1118454e-02
   1.1812468e-01   5.7631273e-03
   1.1082399e-01  -5.9628826e-04
   1.0218493e-01  -2.6397879e-02
   1.0320951e-01  -3.4488957e-02
   1.1928487e-01   1.0498494e-02
   1.0944473e-01  -4.1001317e-03
   1.1709368e-01  -4.5782536e-03
   1.1961609e-01  -3.9092046e-02
   1.1431797e-01  -8.4800720e-03
   1.0890406e-01  -6.2439276e-03
   1.0680995e-01  -2.3881722e-02
   1.0893572e-01   1.7382869e-02
   1.1085603e-01   2.3838047e-02
   1.1752686e-01   2.7579825e-02
   1.0946270e-01   4.5124602e-03
   1.0144196e-01  -2.4484308e-02
   1.0880605e-01  -7.3750126e-03
   9.7044990e-02   2.7088141e-03
   9.6919584e-02  -3.7803630e-02
   9.9450354e-01  -3.5803951e-02
   9.8455522e-01  -2.8428685e-02
   9.9495893e-01   1.7364580e-02
   9.8179951e-01   1.2177246e-01
   9.8535370e-01   1.4843891e-01
   1.0009199e+00   2.3827579e-01
   1.0029309e+00   3.7952811e-01
   9.8213965e-01   4.1778711e-01
   9.8372074e-01   5.1320705e-01
   1.0032758e+00   5.8325167e-01
   1.0022980e+00   6.5458520e-01
   1.0047366e+00   7.2322162e-01
   9.9719368e-01   8.4073764e-01
   9.9816946e-01   8.7142959e-01
   1.0034487e+00   9.4033802e-01
   9.9781789e-01   9.9506971e-01
   9.9154631e-01   1.0149993e+00
   9.9448261e-01   1.0252510e+00
   9.9771964e-01   1.0848306e+00
   9.8205491e-01   1.1121566e+00
   1.0003454e+00   1.1905954e+00
   9.9170029e-01   1.1855714e+00
   9.9693226e-01   1.2096582e+00
   1.0023909e+00   1.2504340e+00
   9.9714509e-01   1.2497277e+00
   9.7941071e-01   1.2632910e+00
   9.8702682e-01   1.2944215e+00
   9.9339375e-01   1.3202417e+00
   9.9523485e-01   1.3586239e+00
   9.9307037e-01   1.3541936e+00
   9.7971547e-01   1.3793250e+00
   9.9310416e-01   1.3720818e+00
   9.7964287e-01   1.4126380e+00
   1.0005416e+00   1.3962982e+00
   9.9869246e-01   1.4499746e+00
   9.9140260e-01   1.4195445e+00
   9.9918702e-01   1.4322981e+00
   9.9421627e-01   1.4510840e+00
   9.8746400e-01   1.4669483e+00
   9.8863148e-01   1.4373380e+00
   9.8350873e-01   1.4376371e+00
   9.8867314e-01   1.4985684e+00
   1.0015542e+00   1.4908745e+00
   9.8032019e-01   1.4621261e+00
   1.0041727e+00   1.4666434e+00
   9.7961651e-01   1.4614722e+00
   9.9184432e-01   1.4980824e+00
   9.8909119e-01   1.4672814e+00
   9.9701037e-01   1.4757767e+00
   9.9365099e-01   1.5034914e+00
   1.0022597e+00   1.4685058e+00
   9.9396494e-01   1.4692073e+00
   9.9754540e-01   1.5175587e+00
   9.9232857e-01   1.4908573e+00
   9.9599848e-01   1.5122376e+00
   9.8421340e-01   1.5039109e+00
   9.9151836e-01   1.5245260e+00
   9.8173775e-01   1.5172374e+00
   1.0038875e+00   1.4955993e+00
   9.8871457e-01   1.5407523e+00
   1.0014377e+00   1.5109450e+00
   1.0046163e+00   1.4853202e+00
   9.8714628e-01   1.5355646e+00
   1.0009418e+00   1.5425555e+00
   9.8035953e-01   1.5241590e+00
   1.0017406e+00   1.5043493e+00
   9.8788593e-01   1.5194925e+00
   9.8699361e-01   1.4874219e+00
   1.0024387e+00   1.5065904e+00
  -2.3592943e-01   1.5473762e+00
  -2.4265984e-01   1.5422780e+00
  -2.2497046e-01   1.4557939e+00
  -2.2843262e-01   1.4337663e+00
  -2.4680764e-01   1.3182246e+00
  -2.2380033e-01   1.2601445e+00
  -2.4642156e-01   1.1691680e+00
  -2.3581326e-01   1.0866212e+00
  -2.4674944e-01   1.0270366e+00
  -2.4719418e-01   8.9831056e-01
  -2.3493764e-01   8.8150948e-01
  -2.2555782e-01   8.0506545e-01
  -2.4784302e-01   7.2360494e-01
  -2.2656649e-01   6.5032557e-01
  -2.3665494e-01   5.9435971e-01
  -2.4055711e-01   5.8632721e-01
  -2.2803060e-01   5.1184601e-01
  -2.2481923e-01   4.8977707e-01
  -2.3254621e-01   4.5171230e-01
  -2.2401073e-01   4.2839994e-01
  -2.3628399e-01   4.1610437e-01
  -2.2591530e-01   3.5206252e-01
  -2.3527495e-01   3.4389330e-01
  -2.2813232e-01   3.0467629e-01
  -2.2676236e-01   3.1446744e-01
  -2.2808295e-01   2.3326099e-01
  -2.2913668e-01   2.7256265e-01
  -2.2647018e-01   1.9805369e-01
  -2.4861301e-01   1.8152261e-01
  -2.2389846e-01   2.2259273e-01
  -2.2659833e-01   2.1180045e-01
  -2.3259167e-01   1.7980173e-01
  -2.3106463e-01   1.6143428e-01
  -2.2476648e-01   1.2300637e-01
  -2.3819941e-01   1.5142938e-01
  -2.2574268e-01   1.2296392e-01
  -2.2387168e-01   1.2715372e-01
  -2.3796841e-01   1.4826861e-01
  -2.4294015e-01   7.3711159e-02
  -2.3306694e-01   1.0996407e-01
  -2.3387520e-01   7.0741041e-02
  -2.4917209e-01   1.1207641e-01
  -2.3548674e-01   5.6872644e-02
  -2.3593087e-01   6.9991758e-02
  -2.2546063e-01   6.0974868e-02
  -2.4486701e-01   4.4583706e-02
  -2.3391280e-01   5.5185515e-02
  -2.4927737e-01   6.8803711e-02
  -2.2840026e-01   5.8223807e-02
  -2.3419637e-01   2.8134143e-02
  -2.4207291e-01   3.4513496e-02
  -2.4343081e-01   8.7657717e-02
  -2.4691761e-01   4.0652626e-02
  -2.3560665e-01   7.2266950e-02
  -2.4585530e-01   8.6487734e-02
  -2.2948432e-01   5.6625409e-02
  -2.4822813e-01   4.8675095e-02
   9.6850375e-01   2.2169709e-02
