  -6.5689167e-03  -2.5587621e-02
  -9.5188543e-03  -1.9931834e-02
   9.9769728e-03  -2.1649672e-02
  -4.6178094e-04   4.1612043e-03
  -4.1392803e-03   1.8056920e-02
  -4.5978109e-03   1.1361107e-02
   5.5448060e-03   1.4754544e-02
  -2.8565213e-03   3.1617000e-03
  -4.3906092e-03   4.2155484e-03
   2.0148506e-04  -1.2211555e-02
   5.8546437e-01   3.2644414e-02
   6.0493670e-01  -2.7060493e-02
   6.0300871e-01   2.0720275e-02
   6.0482825e-01   4.9545222e-02
   5.9121660e-01   5.6201523e-02
   5.9257810e-01   8.8192623e-02
   6.0587003e-01   7.3369827e-02
   5.8816771e-01   7.8101811e-02
   6.0273830e-01   1.0923708e-01
   6.0903785e-01   1.5396975e-01
   5.9489629e-01   1.5935035e-01
   5.9438361e-01   1.4517073e-01
   5.8605675e-01   1.3897482e-01
   5.8793094e-01   1.9134218e-01
   5.8725303e-01   2.2352094e-01
   6.0426718e-01   2.2221345e-01
   6.0711798e-01   2.4060028e-01
   6.1051304e-01   2.3595337e-01
   5.8716200e-01   2.0177610e-01
   5.8908845e-01   2.2481360e-01
   5.9719915e-01   2.4814585e-01
   6.0897056e-01   2.3056174e-01
   5.9785107e-01   2.5884210e-01
   5.9022516e-01   2.3781540e-01
   5.8593967e-01   2.7930360e-01
   6.0150039e-01   2.9127327e-01
   5.9507947e-01   2.4935840e-01
   5.9034305e-01   2.9078794e-01
   5.8584972e-01   2.9446256e-01
   5.9672939e-01   2.7850421e-01
   5.9943292e-01   2.7273588e-01
   6.0356864e-01   2.6459038e-01
   6.0983313e-01   2.8979813e-01
   5.9767208e-01   2.8007974e-01
   5.9431679e-01   3.0509470e-01
   6.0423269e-01   2.6660795e-01
   5.9571155e-01   2.6549031e-01
   6.0069379e-01   3.2981911e-01
   6.0629749e-01   2.8900963e-01
   5.8722910e-01   2.9996773e-01
   5.9773006e-01   2.9732426e-01
   6.0579608e-01   2.8770350e-01
   5.9448512e-01   3.3581164e-01
   5.8812123e-01   3.2254460e-01
   6.0349962e-01   2.8289328e-01
   5.8716634e-01   3.2631124e-01
   6.0437437e-01   3.3419847e-01
   6.0289235e-01   2.7651829e-01
   6.0742736e-01   3.3887755e-01
   6.0660027e-01   3.2414700e-01
   5.9312499e-01   3.3912213e-01
   5.8723241e-01   3.1706477e-01
   6.0261949e-01   3.3105171e-01
   5.8680840e-01   2.9251703e-01
   5.9787069e-01   3.4604113e-01
   5.9597351e-01   2.8091994e-01
   5.9194543e-01   2.8573154e-01
   6.0275023e-01   3.1939358e-01
   5.9942001e-01   2.8219922e-01
   5.9767971e-01   3.2158802e-01
   5.8593258e-01   3.4172545e-01
   6.0833503e-01   3.4385123e-01
   5.9182952e-01   3.2302834e-01
   6.0257715e-01   3.4473198e-01
   5.8588684e-01   3.3305313e-01
   5.9303183e-01   3.2968515e-01
   5.8513673e-01   3.3446574e-01
   5.8744981e-01   3.3697388e-01
   5.9018510e-01   3.3867513e-01
  -3.7857531e-01   3.2775610e-01
  -3.8478451e-01   3.2076495e-01
  -3.9313538e-01   3.1029639e-01
  -3.7682469e-01   2.9946280e-01
  -4.0097779e-01   2.4808764e-01
  -3.8932442e-01   2.5476680e-01
  -3.8171811e-01   2.4336589e-01
  -3.8366439e-01   2.6323560e-01
  -3.8711619e-01   2.5412286e-01
  -3.9972166e-01   1.9059810e-01
  -3.8843851e-01   2.2299994e-01
  -3.7955708e-01   1.7340390e-01
  -3.9601472e-01   1.6397140e-01
  -3.9236508e-01   1.8835715e-01
  -3.9603047e-01   1.8147805e-01
  -3.9168509e-01   1.7095766e-01
  -3.8522000e-01   1.1152412e-01
  -3.7865025e-01   1.0143882e-01
  -3.9800004e-01   1.4446626e-01
  -3.7929794e-01   1.0845570e-01
  -3.8482262e-01   1.4035657e-01
  -3.8389960e-01   1.2569446e-01
  -3.9247720e-01   8.9531977e-02
  -3.8122043e-01   7.5174428e-02
  -3.8644876e-01   8.4682211e-02
  -3.8102909e-01   7.8001195e-02
  -4.0044436e-01   1.0875680e-01
  -4.0197684e-01   6.0722324e-02
  -4.0237155e-01   5.7545084e-02
  -3.8169452e-01   8.6325759e-02
  -4.0012712e-01   6.8583638e-02
  -3.9394301e-01   4.0042616e-02
  -3.9196376e-01   6.4375768e-02
  -3.7686605e-01   8.8504837e-02
  -3.7712556e-01   5.9180153e-02
  -3.9696105e-01   9.3074283e-02
  -3.9302896e-01   4.1604248e-02
  -3.9766059e-01   9.0238093e-02
  -3.9799825e-01   5.7344953e-02
  -3.8658094e-01   8.3118504e-02
  -3.7812415e-01   7.3607082e-02
  -3.9851024e-01   7.6227290e-02
  -3.8063810e-01   4.7226123e-02
  -3.8339222e-01   6.3199209e-02
  -3.9265581e-01   7.2800496e-02
  -3.9587569e-01   7.2024553e-02
  -3.8226182e-01   1.5605797e-02
  -3.9422474e-01   2.1237107e-02
  -3.9280012e-01   7.4094928e-02
  -3.7790513e-01   1.6793182e-02
  -3.9121675e-01   1.3414143e-02
  -3.8977457e-01   2.5093730e-02
  -4.0112578e-01   1.7020418e-02
  -3.9461266e-01   6.1293199e-02
  -3.9932150e-01   2.4456915e-02
  -4.0213749e-01   6.7307778e-02
  -3.9914455e-01   4.6716690e-02
  -3.9484434e-01   6.2888771e-02
  -3.9659941e-01   4.8884386e-02
  -3.8583850e-01   1.0823440e-02
  -3.9281092e-01   3.0993163e-02
  -3.8327134e-01   1.8567482e-02
  -3.9812171e-01   5.3294874e-02
  -3.8162809e-01   5.1873761e-02
  -4.0221098e-01   5.7273403e-02
  -3.8718635e-01   1.3688475e-02
  -3.9484742e-01   7.3995797e-02
  -3.9848260e-01   5.4116742e-02
  -4.0217629e-01   6.4528605e-02
  -2.3862844e-01   4.7753121e-02
  -2.4139494e-01   3.5456475e-02
  -2.4004640e-01   6.8053352e-02
  -2.3466172e-01   7.6069235e-02
  -2.5203399e-01   1.3301501e-02
  -2.5292067e-01   5.4280489e-02
  -2.3707495e-01   3.7212881e-02
  -2.4930265e-01   5.0009705e-02
  -2.4764407e-01   4.7167719e-02
  -2.4110718e-01   1.5826172e-02
  -2.5613735e-01   5.6566358e-02
  -2.4920667e-01   3.1567929e-02
  -2.5396374e-01   2.7494979e-02
  -2.5560672e-01   5.7083703e-03
  -2.3578284e-01   4.6117838e-02
  -2.4509889e-01   2.7355924e-02
  -2.5203090e-01   2.0905410e-02
  -2.5685344e-01   6.3537570e-02
  -2.4191385e-01   5.4511679e-02
  -2.3511149e-01   2.9764754e-02
  -2.5871472e-01   3.5361534e-02
  -2.4157925e-01   1.1761229e-02
  -2.3749169e-01   4.5435438e-02
  -2.4077000e-01   4.5800768e-02
  -2.3490888e-01   3.9918172e-02
  -2.3558605e-01   6.8506621e-02
  -2.5558322e-01   3.7023091e-02
  -2.4157748e-01   5.4001998e-02
  -2.4476260e-01   5.4246207e-02
  -2.5044210e-01   7.1957234e-02
  -2.4693971e-01   3.6019692e-02
  -2.3842172e-01   2.9945104e-02
  -2.5433568e-01   9.7408663e-03
  -2.3518199e-01   5.5628124e-03
  -2.4341509e-01   2.6765754e-02
  -2.4508269e-01   4.5817628e-02
  -2.4851706e-01   3.9706284e-02
  -2.4447164e-01   6.9869320e-03
  -2.5205535e-01   6.7849617e-02
  -2.3743247e-01   2.2131997e-03
  -2.5136518e-01   4.6079274e-02
  -2.5195574e-01   6.6943512e-02
  -2.4032846e-01   3.7269826e-02
  -2.5332383e-01   5.5413220e-02
  -2.5666798e-01   3.9827628e-02
  -2.4503365e-01   1.7834831e-02
  -2.5659605e-01   2.7136089e-02
  -2.4625239e-01   2.9512528e-02
  -2.4597027e-01   5.5251852e-02
  -2.5313996e-01   1.5912207e-02
  -2.4482027e-01   1.9463659e-02
  -2.5395748e-01   6.5136845e-02
  -2.5275422e-01   4.8032703e-02
  -2.4534540e-01   5.5052049e-02
  -2.4835224e-01   1.1366818e-02
  -2.3810327e-01   3.7674047e-02
  -2.5910157e-01   1.7469876e-02
  -2.5497638e-01   2.7375304e-02
  -2.5950690e-01   6.6755624e-02
  -2.4543303e-01   4.3154964e-02
  -2.5866176e-01   1.2456978e-02
  -2.5132030e-01   3.2856637e-02
  -2.4814100e-01   2.3618999e-02
  -2.3730628e-01   2.5714933e-02
  -2.4213228e-01   5.5293071e-02
  -2.5403549e-01   4.9337015e-02
  -2.4735567e-01   1.6780856e-02
  -2.4298256e-01   6.9489572e-02
  -2.5468959e-01   1.5448888e-02
  -9.4802340e-01   3.1838563e-02
  -9.4951370e-01   3.3634603e-02
  -9.7045071e-01  -3.4836541e-03
  -9.4905973e-01   4.4384893e-02
  -9.6272172e-01   1.6861935e-02
  -9.6730761e-01  -4.1831826e-02
  -9.7278271e-01  -1.6297227e-02
  -9.5760641e-01  -5.2617201e-02
  -9.4962735e-01  -1.0614916e-01
  -9.5667417e-01  -8.0236592e-02
  -9.5717300e-01  -1.3917439e-01
  -9.6774224e-01  -1.3907495e-01
  -9.5910867e-01  -1.5180640e-01
  -9.6125117e-01  -1.7895068e-01
  -9.5825492e-01  -1.6795095e-01
  -9.5976442e-01  -1.9202247e-01
  -9.5409246e-01  -2.2261965e-01
  -9.5738906e-01  -2.3386437e-01
  -9.5852623e-01  -2.2744990e-01
  -9.6500732e-01  -2.0253400e-01
  -9.5839614e-01  -2.0126321e-01
  -9.7223395e-01  -2.1282231e-01
  -9.6958299e-01  -2.1649690e-01
  -9.5925109e-01  -2.1246457e-01
  -9.5097307e-01  -2.6704028e-01
  -9.6909554e-01  -2.8285204e-01
  -9.6212452e-01  -2.7749089e-01
  -9.6812356e-01  -2.2847224e-01
  -9.5525000e-01  -2.3667584e-01
  -9.6690199e-01  -2.5958376e-01
  -9.7127655e-01  -2.3737922e-01
  -9.7105262e-01  -2.6850199e-01
  -9.4778654e-01  -2.8462723e-01
  -9.4792252e-01  -2.9120871e-01
  -9.5048550e-01  -2.6924813e-01
  -9.5368875e-01  -2.7131891e-01
  -9.7038747e-01  -2.9447828e-01
  -9.4985856e-01  -2.9036405e-01
  -9.6208034e-01  -2.7512115e-01
  -9.5197639e-01  -3.0069468e-01
  -9.7112827e-01  -3.1615859e-01
  -9.6576800e-01  -3.0199242e-01
  -9.6460210e-01  -2.7337130e-01
  -9.6676350e-01  -2.6326476e-01
  -9.5356649e-01  -3.2471480e-01
  -9.6005673e-01  -2.6825845e-01
  -9.6616069e-01  -2.7584888e-01
  -9.6126690e-01  -2.8084182e-01
  -9.5531701e-01  -3.1347461e-01
  -9.6362172e-01  -2.8549339e-01
  -9.5574200e-01  -3.2766557e-01
  -9.6267512e-01  -2.6623550e-01
  -9.7329920e-01  -2.7241027e-01
  -9.4887510e-01  -2.7659557e-01
  -9.5187102e-01  -2.9072560e-01
  -9.5085819e-01  -2.8865247e-01
  -9.5105336e-01  -3.0451118e-01
  -9.5991619e-01  -2.7893929e-01
  -9.5643184e-01  -2.9398335e-01
  -9.7031315e-01  -2.7585505e-01
  -9.5497871e-01  -3.3345431e-01
  -9.5310164e-01  -2.9205086e-01
  -9.6074822e-01  -2.7067021e-01
  -9.5029110e-01  -3.3251456e-01
  -9.6943162e-01  -3.2721220e-01
  -9.5374053e-01  -2.9314139e-01
  -9.6845697e-01  -3.2199647e-01
  -9.5548961e-01  -2.8621571e-01
  -9.4835913e-01  -3.1929833e-01
   1.7829578e-01  -3.1051811e-01
   1.9999888e-01  -3.0586317e-01
   1.7871198e-01  -3.2973146e-01
   1.8963588e-01  -2.6928678e-01
   1.8564975e-01  -2.6185843e-01
   1.8246180e-01  -2.1960645e-01
   1.9649477e-01  -2.4593864e-01
   1.9104650e-01  -2.4824464e-01
   1.8399992e-01  -1.9582508e-01
   1.7880041e-01  -1.8227641e-01
   1.9007710e-01  -1.4918499e-01
   1.8536744e-01  -1.4415472e-01
   1.9619898e-01  -1.0922480e-01
   1.7850273e-01  -1.1828875e-01
   1.9043106e-01  -1.1753313e-01
   1.9422347e-01  -1.0217607e-01
   1.9621393e-01  -6.9261798e-02
   1.8750500e-01  -1.2012699e-01
   1.8288513e-01  -9.8914208e-02
   1.8143017e-01  -8.8889242e-02
   1.8473725e-01  -5.7666480e-02
   1.8680829e-01  -4.6114670e-02
   1.8513355e-01  -7.9364748e-02
   1.8308395e-01  -7.3823844e-02
   1.9172733e-01  -1.8985411e-02
   1.9333881e-01  -1.4987877e-02
   1.8877255e-01  -7.1065679e-02
   1.8427356e-01  -7.4763781e-03
   1.9264144e-01  -1.5240443e-02
   1.9961213e-01  -2.6867445e-02
   1.9917864e-01  -4.7037452e-02
   1.9805886e-01  -1.3127574e-02
   1.9688994e-01  -5.9827206e-02
   1.9024263e-01  -7.6557515e-03
   1.7671172e-01   7.8302637e-03
   1.8670827e-01  -1.9619567e-02
   1.9931554e-01  -8.2111162e-03
   1.7691256e-01  -1.3435582e-02
   1.7935914e-01   8.9245422e-03
   1.8141901e-01  -2.9935561e-02
   1.9311890e-01  -4.8824756e-02
   1.8886139e-01  -1.8662224e-02
   1.8229157e-01  -3.1215932e-02
   1.9014044e-01  -1.5404123e-02
   1.9416332e-01  -8.5849698e-03
   1.9579554e-01  -3.8685751e-03
   1.9772104e-01   4.5949192e-03
   2.0037642e-01  -4.2599649e-02
   1.9875209e-01  -3.6123533e-02
   1.9010040e-01   2.0430121e-03
   1.8101633e-01   1.8498227e-02
   1.9063068e-01  -2.5735328e-02
   1.9969823e-01  -1.1354112e-02
   1.9073825e-01   2.7965748e-02
   1.8465763e-01  -2.8447545e-02
   1.9118359e-01   9.5877547e-03
   1.8926545e-01  -3.8128226e-02
   1.8231843e-01  -2.8990835e-02
   2.0237412e-01   6.3219309e-03
   2.0222971e-01   2.9926073e-03
   1.9804763e-01   6.8020451e-03
   1.9650532e-01  -7.6802898e-03
   1.9743618e-01  -2.5187300e-02
   1.9301658e-01  -2.4329182e-02
   1.8012458e-01  -1.4313246e-02
   2.0014335e-01   1.0727946e-02
   1.8345769e-01  -3.1394581e-02
   2.0224189e-01   1.8525538e-03
   1.8837359e-01   2.0215078e-02
   5.3824569e-02  -3.4119621e-02
   5.4471530e-02  -3.3323054e-02
   3.8705367e-02  -3.0025163e-02
   3.8414759e-02  -3.5195284e-02
   4.4511994e-02  -1.8187302e-02
   3.9229366e-02  -2.2070524e-02
   5.3736091e-02   2.5793750e-02
   4.6331116e-02  -1.2309231e-02
   5.1964259e-02   5.0707328e-03
   3.7384882e-02  -4.4006202e-03
   3.9246824e-02   1.1015927e-02
   5.6820215e-02   2.7740694e-02
   3.8609790e-02  -2.5643397e-02
   5.0693533e-02   2.1424222e-03
   4.1853282e-02   1.2999407e-02
   5.7135062e-02  -1.6857617e-02
   5.2787485e-02   1.1829347e-02
   6.0589695e-02   4.8017630e-03
   5.8652539e-02   2.3632291e-02
   5.4680546e-02  -1.0383822e-02
   5.3457312e-02  -1.9448077e-02
   6.3004497e-02   2.6469543e-02
   5.2340961e-02  -1.6673374e-02
   5.0035577e-02   3.0193603e-02
   5.4512043e-02   2.8420422e-02
   5.8344552e-02   1.3327319e-02
   4.1128929e-02  -2.8764846e-02
   4.0066396e-02   1.7143984e-02
   6.2813892e-02   2.8732522e-02
   5.8774671e-02  -1.1707902e-02
   5.6089154e-02  -3.2050707e-02
   4.2000356e-02  -1.2507674e-03
   3.9156933e-02   4.8128347e-03
   3.9511109e-02   1.5544880e-02
   5.7860541e-02  -3.5754993e-02
   4.5318790e-02  -1.4074434e-02
   5.4540745e-02   2.2049191e-02
   5.7974414e-02   8.4981082e-03
   5.3347552e-02  -5.0708475e-05
   5.1921043e-02   2.5867993e-02
   5.9016929e-02  -1.8468849e-02
   4.9137293e-02   1.6033696e-02
   4.1969205e-02  -1.2467370e-02
   3.7565830e-02   2.6234909e-02
   6.0930390e-02  -2.1873122e-02
   5.4450655e-02  -1.2776098e-04
   4.7000015e-02   2.1234300e-02
   5.3390460e-02   7.7409040e-03
   4.1532358e-02  -2.2485291e-02
   4.0952672e-02   1.2591646e-03
   4.0731472e-02  -1.3720700e-02
   6.2240651e-02   2.9441956e-02
   5.3181065e-02   9.9382634e-03
   4.5623658e-02  -3.5859333e-02
   4.4747777e-02  -8.6032386e-03
   3.9928044e-02   1.2512159e-02
   5.5615892e-02  -3.3274119e-02
   5.9793566e-02  -1.9792831e-02
   3.7569095e-02  -8.2786245e-03
   5.4871910e-02   2.1363146e-02
   4.1744199e-02   1.8934349e-02
   5.2103347e-02   3.4440794e-04
   5.6994312e-02   1.4680380e-02
   4.1446945e-02   3.6374569e-03
   5.0279328e-02  -1.5988683e-02
   3.9101598e-02  -3.6059624e-02
   4.0516786e-02   1.3857812e-02
   5.4440805e-02  -1.3509639e-02
   4.9908857e-02  -3.2864512e-02
  -9.6279649e-01   3.1892552e-03
  -9.6638377e-01  -2.2652153e-02
  -9.7184790e-01   2.0346443e-02
  -9.5750770e-01   2.0095822e-03
  -9.7538442e-01  -4.5364960e-02
  -9.7130784e-01  -8.8087603e-02
  -9.7140296e-01  -5.5594247e-02
  -9.5164786e-01  -9.3263313e-02
  -9.5730611e-01  -8.9153566e-02
  -9.7155670e-01  -1.5928971e-01
  -9.6737185e-01  -1.2976972e-01
  -9.5776262e-01  -1.6471228e-01
  -9.6397097e-01  -1.3896085e-01
  -9.7507676e-01  -1.5374573e-01
  -9.6689722e-01  -2.1378356e-01
  -9.5535377e-01  -2.1626584e-01
  -9.6496098e-01  -1.8795714e-01
  -9.5639133e-01  -2.1948347e-01
  -9.6461080e-01  -2.0425159e-01
  -9.5792259e-01  -2.1007045e-01
  -9.5218194e-01  -2.5290309e-01
  -9.5551868e-01  -2.1780513e-01
  -9.6371921e-01  -2.1373315e-01
  -9.6430699e-01  -2.3239883e-01
  -9.7560211e-01  -2.8278727e-01
  -9.5342611e-01  -2.5845906e-01
  -9.6452376e-01  -2.8096184e-01
  -9.5721303e-01  -2.4327519e-01
  -9.6636117e-01  -2.5454411e-01
  -9.5540498e-01  -2.5814487e-01
  -9.5999115e-01  -2.4713379e-01
  -9.6163140e-01  -2.7614404e-01
  -9.5967862e-01  -3.1113657e-01
  -9.7214622e-01  -2.7869134e-01
  -9.5799558e-01  -2.5686334e-01
  -9.6315658e-01  -2.5662393e-01
  -9.5662645e-01  -2.7980098e-01
  -9.6595636e-01  -2.6745181e-01
  -9.6283380e-01  -2.9149663e-01
  -9.5688999e-01  -3.1982019e-01
  -9.5004405e-01  -2.7765363e-01
  -9.5408849e-01  -2.8288987e-01
  -9.4981678e-01  -3.1318108e-01
  -9.5044340e-01  -3.0224497e-01
  -9.5987358e-01  -2.7539814e-01
  -9.6922742e-01  -3.1059239e-01
  -9.5079325e-01  -2.6859319e-01
  -9.5089848e-01  -3.2446418e-01
  -9.5851600e-01  -3.0985820e-01
  -9.6509108e-01  -2.8107606e-01
  -9.7327714e-01  -3.1654860e-01
  -9.7300393e-01  -3.3299214e-01
  -9.5073050e-01  -2.8030534e-01
  -9.5162332e-01  -2.9358580e-01
  -9.5362324e-01  -2.7322985e-01
  -9.7534061e-01  -3.2474995e-01
  -9.6311197e-01  -2.9849702e-01
  -9.6107700e-01  -3.3494219e-01
  -9.5723010e-01  -2.8252179e-01
  -9.6761939e-01  -2.8925082e-01
  -9.5900768e-01  -3.1586617e-01
  -9.6475041e-01  -3.2991615e-01
  -9.5928597e-01  -2.8135717e-01
  -9.6943688e-01  -3.3943700e-01
  -9.5587361e-01  -3.0747546e-01
  -9.6324041e-01  -3.2671294e-01
  -9.6681777e-01  -3.2360146e-01
  -9.7227769e-01  -3.3835321e-01
  -9.5928322e-01  -3.4113306e-01
  -2.2968587e-01  -2.8948161e-01
  -2.4070066e-01  -2.9878389e-01
  -2.2827670e-01  -2.9563233e-01
  -2.4152242e-01  -2.6030639e-01
  -2.4115865e-01  -2.8198578e-01
  -2.2615805e-01  -2.2489976e-01
  -2.2310415e-01  -2.1231618e-01
  -2.3553027e-01  -2.4127243e-01
  -2.2158894e-01  -1.5704428e-01
  -2.3528598e-01  -1.7818830e-01
  -2.2422192e-01  -1.8700908e-01
  -2.3783392e-01  -1.4526821e-01
  -2.2788052e-01  -1.3503774e-01
  -2.3612890e-01  -1.0057837e-01
  -2.2839718e-01  -9.7606872e-02
  -2.2850028e-01  -6.0524530e-02
  -2.2784756e-01  -5.6425692e-02
  -2.2041385e-01  -9.3401167e-02
  -2.2135663e-01  -7.4786598e-02
  -2.2588701e-01  -7.7084850e-02
  -2.1736801e-01  -5.5750631e-02
  -2.2456813e-01  -7.0084635e-02
  -2.3926512e-01  -1.5092603e-02
  -2.3968945e-01   7.2207687e-03
  -2.2096225e-01  -8.4417056e-03
  -2.3056369e-01  -3.0735696e-02
  -2.3545898e-01  -2.4547443e-02
  -2.2200214e-01   1.3588176e-02
  -2.2692371e-01  -2.6976649e-02
  -2.2440372e-01  -1.8379898e-02
  -2.3785785e-01  -7.4128221e-03
  -2.2543309e-01   1.0287247e-02
  -2.2745505e-01  -9.6921845e-03
  -2.1731375e-01  -2.6592873e-02
  -2.4158518e-01   3.1462095e-02
  -2.3941822e-01  -2.2145047e-02
  -2.2468682e-01  -6.8137962e-03
  -2.2967113e-01   1.8119190e-02
  -2.3247336e-01  -3.2139606e-03
  -2.2871792e-01   5.1109458e-02
  -2.3528562e-01   2.0392794e-02
  -2.3366287e-01  -1.0146234e-02
  -2.3948076e-01   5.3361930e-02
  -2.1814709e-01   9.5713781e-03
  -2.2683220e-01   2.3334685e-02
  -2.3819717e-01   2.9417820e-02
  -2.2863273e-01   5.3786418e-02
  -2.2896271e-01   4.0535437e-02
  -2.3047166e-01   3.4726808e-02
  -2.3125879e-01  -5.3035048e-03
  -2.2994535e-01   3.1998368e-02
  -2.2199652e-01   3.0982263e-02
  -2.2995881e-01   4.9170375e-02
  -2.4154661e-01   7.8017124e-03
  -2.3508203e-01   3.0057650e-02
  -2.2890105e-01   4.8288515e-02
  -2.2536448e-01  -7.0987506e-04
  -2.3434745e-01   1.5673931e-02
  -2.3303401e-01   2.7358055e-02
  -2.3865203e-01   4.4813653e-02
  -2.2159567e-01   4.2515220e-03
  -2.2935336e-01   6.3147986e-02
  -2.2587702e-01   5.2164491e-03
  -2.2724798e-01   2.4517993e-02
  -2.2365499e-01   2.1519451e-02
  -2.2808793e-01   1.7682997e-02
  -2.3782782e-01   4.0526185e-02
  -2.3180990e-01   5.1016481e-02
  -2.3627389e-01   1.5906399e-02
  -3.2080732e-01   2.5984357e-02
  -3.1575329e-01   6.1852316e-02
  -3.1523381e-01   2.1763354e-03
  -3.1695742e-01   6.3313291e-02
  -3.0012873e-01   2.8164959e-03
  -3.0596347e-01   5.2926871e-02
  -3.0322467e-01   3.7477086e-02
  -3.0781955e-01   1.4045435e-03
  -3.1178956e-01   6.4241446e-02
  -3.0881690e-01   6.1535118e-03
  -3.1299558e-01   2.3456468e-02
  -3.0495194e-01   6.5821960e-02
  -2.9752598e-01   5.5301472e-03
  -3.0496441e-01   5.1093838e-02
  -3.0541983e-01   2.2173872e-02
  -3.0258225e-01   1.5981902e-02
  -3.0643547e-01   5.3656481e-02
  -2.9854627e-01   3.1450078e-02
  -3.0480657e-01   3.1935403e-02
  -3.1479629e-01   4.3018029e-02
  -3.1864290e-01   3.9179816e-02
  -2.9766004e-01   4.5345351e-02
  -3.2080173e-01   3.8662742e-02
  -3.1237863e-01   1.4130907e-02
  -3.0697078e-01   6.2424915e-02
  -3.0939908e-01   7.6209406e-03
  -3.0802414e-01   2.2180462e-02
  -3.0971361e-01   2.3106237e-02
  -3.0270221e-01   6.8549593e-02
  -3.0417028e-01   4.0781342e-02
  -2.9577956e-01   3.0606440e-02
  -2.9639140e-01   7.0294231e-02
  -3.0972568e-01   4.0505776e-02
  -3.1963221e-01   4.1173551e-02
  -2.9867868e-01   4.0357145e-02
  -3.1622758e-01   5.3905763e-02
  -2.9656902e-01   2.2286153e-02
  -2.9757007e-01   4.7611998e-02
  -3.1144557e-01   4.3410407e-02
  -3.2082279e-01   4.4788995e-02
  -3.0461242e-01   4.2396082e-02
  -3.0101589e-01   4.9880485e-02
  -2.9675091e-01   5.5091479e-02
  -3.0717232e-01   6.8039877e-02
  -3.0459508e-01   3.4886580e-02
  -3.1581403e-01   4.9007301e-02
  -3.0859064e-01   2.3557772e-02
  -3.0531740e-01   4.1912601e-02
  -3.1258238e-01   6.6529196e-02
  -3.0645049e-01   1.0607159e-02
  -3.1760492e-01   5.4799725e-02
  -3.1954863e-01   2.3965877e-02
  -3.0634370e-01   1.5410944e-02
  -3.1218705e-01   1.3690132e-02
  -3.1607812e-01   4.6626195e-02
  -3.1979499e-01   5.6419590e-02
  -3.0920789e-01   4.6045676e-02
  -3.0277245e-01   1.2967170e-02
  -3.1516250e-01   2.3579071e-02
  -3.1673373e-01   5.1168401e-02
  -3.2026760e-01   7.3095013e-02
  -3.1027557e-01   5.5971372e-02
  -3.1563558e-01   3.5026823e-02
  -3.1018179e-01   1.7349859e-02
  -3.0224484e-01   1.7390556e-02
  -3.1603382e-01   5.2605831e-02
  -3.0569187e-01   9.1856321e-03
  -3.1297569e-01   3.4055817e-02
  -3.1877262e-01   5.4662209e-02
  -7.5800980e-01   7.3437395e-02
  -7.7739916e-01   3.6236305e-02
  -7.6299846e-01   2.0218857e-02
  -7.5904789e-01   5.8842416e-02
  -7.7891976e-01   4.1209852e-03
  -7.7273996e-01   2.4610994e-02
  -7.5384675e-01  -1.3257745e-03
  -7.6176193e-01   3.0375864e-02
  -7.7137701e-01   1.1957220e-02
  -7.6438217e-01  -1.3360949e-02
  -7.7266221e-01   5.9784931e-04
  -7.7778417e-01  -1.7205988e-02
  -7.7431850e-01  -4.5449040e-03
  -7.6910006e-01  -1.2170154e-02
  -7.5527863e-01  -4.9877252e-02
  -7.7390840e-01  -2.3004565e-02
  -7.7773059e-01  -8.0391442e-02
  -7.6970784e-01  -9.0985531e-02
  -7.5748882e-01  -4.6163884e-02
  -7.5352568e-01  -9.2002550e-02
  -7.7403850e-01  -3.9890093e-02
  -7.6054232e-01  -5.0089855e-02
  -7.5362405e-01  -5.9129255e-02
  -7.5396007e-01  -7.9833113e-02
  -7.7699793e-01  -4.4707711e-02
  -7.7735264e-01  -7.9265003e-02
  -7.6701455e-01  -5.9997796e-02
  -7.6183012e-01  -8.3288549e-02
  -7.7624919e-01  -8.9379602e-02
  -7.7854355e-01  -1.1094572e-01
  -7.7451680e-01  -9.2522838e-02
  -7.5743094e-01  -7.8862686e-02
  -7.7470649e-01  -8.1152410e-02
  -7.7064587e-01  -6.0233157e-02
  -7.6891077e-01  -6.8682454e-02
  -7.6189970e-01  -1.0265864e-01
  -7.6811414e-01  -8.5561845e-02
  -7.6383782e-01  -8.0467999e-02
  -7.7419813e-01  -1.2272140e-01
  -7.6953870e-01  -8.7534518e-02
  -7.6904312e-01  -9.4898001e-02
  -7.6598793e-01  -1.1383391e-01
  -7.5793751e-01  -6.6092118e-02
  -7.7700873e-01  -1.2852387e-01
  -7.7392939e-01  -1.0255867e-01
  -7.5952415e-01  -6.7716359e-02
  -7.5646449e-01  -1.2081662e-01
  -7.5619366e-01  -1.0835283e-01
  -7.5467973e-01  -1.0124074e-01
  -7.5840044e-01  -1.3047279e-01
  -7.5637817e-01  -1.1799052e-01
  -7.7546951e-01  -6.4014008e-02
  -7.5403452e-01  -1.2495541e-01
  -7.6823305e-01  -9.4893244e-02
  -7.7509253e-01  -9.4013088e-02
  -7.7532931e-01  -9.3690239e-02
  -7.6489638e-01  -7.0064964e-02
  -7.7437357e-01  -1.0796930e-01
  -7.7150943e-01  -6.8765108e-02
  -7.6026897e-01  -1.0451979e-01
  -7.5427031e-01  -8.0848937e-02
  -7.6283529e-01  -6.4743431e-02
  -7.7378221e-01  -1.0377218e-01
  -7.7582686e-01  -9.2220570e-02
  -7.7830084e-01  -1.2491274e-01
  -7.7014032e-01  -6.5811460e-02
  -7.7444437e-01  -6.9870586e-02
  -7.7856900e-01  -1.3335326e-01
  -7.6200235e-01  -9.0540903e-02
   4.4308009e-02  -6.7207621e-02
   5.3243978e-02  -7.1566587e-02
   3.3132871e-02  -7.7182024e-02
   4.0339910e-02  -9.7734872e-02
   4.2201178e-02  -7.2642998e-02
   3.9708128e-02  -1.1202995e-01
   4.6145396e-02  -6.9996756e-02
   4.3366970e-02  -6.2294840e-02
   5.1132545e-02  -7.4670999e-02
   4.9530971e-02  -6.1675714e-02
   5.0192837e-02  -6.4094061e-02
   4.4106002e-02  -8.7694692e-02
   4.3732097e-02  -3.1808025e-02
   4.4589839e-02  -5.4249167e-02
   4.1449786e-02  -2.8437983e-02
   5.5228758e-02  -6.3042150e-02
   4.8368527e-02  -6.3259679e-02
   5.3601894e-02  -6.4735011e-02
   4.8266955e-02  -2.8819846e-02
   3.5525447e-02  -5.3528426e-02
   3.4555802e-02  -3.6342934e-02
   3.9689063e-02  -5.3653422e-04
   4.0261958e-02  -4.8714243e-02
   5.0439797e-02  -4.2219413e-02
   5.1072191e-02  -4.0282115e-02
   4.3299872e-02  -3.6652255e-02
   5.0789972e-02  -1.2947290e-02
   5.2834835e-02   7.5895120e-03
   5.6531158e-02  -1.1655340e-02
   4.7879739e-02  -3.2428374e-02
   3.2806299e-02  -3.4612707e-02
   3.4347083e-02  -6.9093131e-03
   5.1475881e-02  -9.7524920e-03
   3.9659439e-02  -3.6926073e-02
   5.4857140e-02  -4.2875070e-02
   5.3000557e-02  -1.1710478e-02
   3.6708519e-02   2.6836937e-03
   5.4410386e-02  -3.9513713e-02
   3.7974089e-02   2.2489474e-02
   5.2614735e-02  -2.4220397e-02
   5.5701733e-02   5.3952318e-03
   3.5968427e-02  -3.3353825e-02
   4.1347051e-02   2.2666966e-02
   4.8422321e-02   8.2007008e-03
   4.3899780e-02   1.0057876e-02
   3.4345345e-02  -1.3312114e-02
   4.9535799e-02  -2.2800276e-02
   3.8874993e-02  -2.2053613e-02
   4.8673711e-02   1.6829530e-02
   5.3211773e-02  -2.6855833e-02
   4.7433707e-02  -1.4171127e-02
   3.3249360e-02   2.4783363e-02
   4.6303783e-02   2.8049997e-02
   5.6371074e-02  -1.4866623e-02
   4.0400686e-02  -4.0141327e-02
   5.2930374e-02  -3.1434840e-02
   3.3547052e-02   2.6469084e-03
   4.6180864e-02  -1.9872824e-02
   5.6230256e-02   1.6440006e-02
   4.4554269e-02  -2.6651782e-02
   4.0511919e-02   8.2970716e-03
   4.4666044e-02   9.6735686e-03
   4.5362751e-02   7.4883138e-03
   5.5682072e-02   5.1493882e-03
   3.7866650e-02   2.1818522e-02
   4.8510563e-02  -3.6550906e-02
   4.6720776e-02  -3.7936659e-02
   3.7881908e-02  -3.8595336e-02
   3.6329338e-02  -1.0406105e-02
   7.5928596e-01   1.5075805e-02
   7.7174562e-01   2.6719877e-02
   7.7511721e-01   1.1034953e-02
   7.6659695e-01   1.7764313e-02
   7.6239449e-01   1.1416284e-01
   7.6231953e-01   1.5000252e-01
   7.5921014e-01   1.6068781e-01
   7.6397515e-01   2.0213209e-01
   7.7301475e-01   2.5263751e-01
   7.6856411e-01   3.0604780e-01
   7.6226448e-01   3.1154244e-01
   7.6761083e-01   3.5986570e-01
   7.7367523e-01   3.5025842e-01
   7.8305247e-01   4.1532669e-01
   7.8378915e-01   4.2621606e-01
   7.5983623e-01   4.2101013e-01
   7.6404505e-01   4.6983020e-01
   7.6518343e-01   4.9478565e-01
   7.7907629e-01   5.0166976e-01
   7.8338850e-01   5.0808863e-01
   7.5802080e-01   5.3601854e-01
   7.7029964e-01   5.5418511e-01
   7.7036727e-01   5.9005259e-01
   7.6138010e-01   5.5142838e-01
   7.6754534e-01   5.7617361e-01
   7.7061672e-01   6.1517314e-01
   7.7891326e-01   6.0377732e-01
   7.7576264e-01   5.9097452e-01
   7.5856242e-01   6.3916138e-01
   7.6148382e-01   6.5124080e-01
   7.7458795e-01   6.0025660e-01
   7.6880993e-01   6.3108622e-01
   7.5995363e-01   6.1559175e-01
   7.8053107e-01   6.8125109e-01
   7.6720126e-01   6.3980820e-01
   7.8052225e-01   6.6841452e-01
   7.6664258e-01   6.6141429e-01
   7.7609877e-01   6.9784046e-01
   7.7479529e-01   6.4883454e-01
   7.7262601e-01   6.8800371e-01
   7.8211788e-01   6.8364684e-01
   7.7333406e-01   6.4252623e-01
   7.6872105e-01   6.4217061e-01
   7.7158047e-01   6.5316798e-01
   7.8085098e-01   6.7536991e-01
   7.7000834e-01   7.1631945e-01
   7.6933730e-01   7.0985201e-01
   7.7345772e-01   6.8981887e-01
   7.5996661e-01   6.9746129e-01
   7.5894828e-01   6.8255236e-01
   7.6566415e-01   6.6462868e-01
   7.7769666e-01   7.0934584e-01
   7.7798471e-01   7.0653304e-01
   7.6034824e-01   6.7228493e-01
   7.6595836e-01   6.8906658e-01
   7.6334187e-01   6.7428402e-01
   7.5832573e-01   7.2689354e-01
   7.7485108e-01   6.6612098e-01
   7.7637630e-01   6.8206533e-01
   7.7830006e-01   6.7338056e-01
   7.8005065e-01   7.0206899e-01
   7.7557132e-01   7.0220556e-01
   7.7584736e-01   6.8078086e-01
   7.7919794e-01   6.7157536e-01
   7.5810673e-01   7.0977886e-01
   7.8090745e-01   6.7928131e-01
   7.6965180e-01   6.6609046e-01
   7.7935088e-01   6.6643057e-01
   7.7955546e-01   7.3092235e-01
   9.5475337e-01   6.9168152e-01
   9.3923170e-01   7.0358809e-01
   9.3439656e-01   6.8143083e-01
   9.3219470e-01   7.0908359e-01
   9.5637240e-01   7.5628859e-01
   9.5109948e-01   8.4412088e-01
   9.5343055e-01   8.3528269e-01
   9.3575294e-01   8.5118063e-01
   9.5031831e-01   9.2357292e-01
   9.5023199e-01   9.6609573e-01
   9.4176024e-01   9.4864218e-01
   9.4687440e-01   1.0278528e+00
   9.4173928e-01   1.0264289e+00
   9.4818774e-01   1.0658042e+00
   9.5015628e-01   1.0691513e+00
   9.4170431e-01   1.0881185e+00
   9.4193908e-01   1.1399538e+00
   9.4116018e-01   1.1017630e+00
   9.5207676e-01   1.1559583e+00
   9.3493449e-01   1.1584578e+00
   9.4942627e-01   1.1505347e+00
   9.5566344e-01   1.1992063e+00
   9.5279966e-01   1.1881858e+00
   9.3747190e-01   1.1841382e+00
   9.4673764e-01   1.2442362e+00
   9.4766831e-01   1.2341781e+00
   9.4614726e-01   1.2128432e+00
   9.4085520e-01   1.2483512e+00
   9.3596021e-01   1.2498025e+00
   9.3897530e-01   1.2690087e+00
   9.4947812e-01   1.2760314e+00
   9.4622210e-01   1.2722544e+00
   9.4030318e-01   1.2535791e+00
   9.5412138e-01   1.2348042e+00
   9.4221993e-01   1.2454813e+00
   9.3775079e-01   1.3065859e+00
   9.3435799e-01   1.2575257e+00
   9.3523372e-01   1.3089276e+00
   9.3916001e-01   1.2536877e+00
   9.5367362e-01   1.3155931e+00
   9.4927958e-01   1.2529997e+00
   9.5655401e-01   1.3017017e+00
   9.5677179e-01   1.2735670e+00
   9.4334007e-01   1.2712746e+00
   9.4547044e-01   1.3224456e+00
   9.3356888e-01   1.2803089e+00
   9.5470355e-01   1.2799437e+00
   9.4044788e-01   1.2980502e+00
   9.4492666e-01   1.3044117e+00
   9.4773331e-01   1.2668153e+00
   9.4757502e-01   1.2700511e+00
   9.3996441e-01   1.3362883e+00
   9.5070953e-01   1.3097095e+00
   9.5231311e-01   1.3262835e+00
   9.5781677e-01   1.2942879e+00
   9.4469516e-01   1.3224812e+00
   9.4592921e-01   1.3129338e+00
   9.4974600e-01   1.3305277e+00
   9.3425072e-01   1.3359523e+00
   9.3489129e-01   1.3075752e+00
   9.4315047e-01   1.3256602e+00
   9.4029569e-01   1.3275905e+00
   9.5440330e-01   1.3157896e+00
   9.4560240e-01   1.3213367e+00
   9.4771677e-01   1.2978220e+00
   9.3738161e-01   1.2783838e+00
   9.5188278e-01   1.3180255e+00
   9.3876468e-01   1.3318075e+00
   9.4996005e-01   1.3049486e+00
   4.6651531e-01   1.2796558e+00
   4.6404193e-01   1.2805886e+00
   4.6920068e-01   1.2494080e+00
   4.7398120e-01   1.2230554e+00
   4.7341657e-01   1.1873284e+00
   4.6826987e-01   1.0791361e+00
   4.6910282e-01   1.0456383e+00
   4.6878254e-01   9.7449726e-01
   4.6734103e-01   9.1812182e-01
   4.5846450e-01   8.2287781e-01
   4.6342296e-01   7.7543602e-01
   4.6138059e-01   7.4284074e-01
   4.5167187e-01   6.8163779e-01
   4.6955178e-01   6.3994931e-01
   4.5206180e-01   5.8266941e-01
   4.5424005e-01   5.9198176e-01
   4.7119809e-01   5.4588074e-01
   4.7193810e-01   4.8215986e-01
   4.5607735e-01   4.6517552e-01
   4.5341877e-01   4.5828119e-01
   4.5226299e-01   3.8902703e-01
   4.5533141e-01   3.9693157e-01
   4.5824311e-01   3.5333479e-01
   4.5070871e-01   3.2204110e-01
   4.7004183e-01   3.3469003e-01
   4.5708265e-01   3.3031074e-01
   4.5768727e-01   3.0659030e-01
   4.5735481e-01   2.9033865e-01
   4.6447998e-01   2.6286718e-01
   4.6266717e-01   2.6332700e-01
   4.6951460e-01   2.7868900e-01
   4.7493508e-01   2.7272789e-01
   4.5316442e-01   2.1576757e-01
   4.7069920e-01   2.3817395e-01
   4.5103255e-01   2.0261596e-01
   4.7553019e-01   2.2272217e-01
   4.6325174e-01   2.3591279e-01
   4.5439914e-01   2.0213144e-01
   4.5134265e-01   1.9193188e-01
   4.5702412e-01   2.2290188e-01
   4.5143296e-01   1.5352824e-01
   4.7065477e-01   1.9586015e-01
   4.5502511e-01   1.8983090e-01
   4.6057678e-01   1.6266696e-01
   4.5259618e-01   1.5830781e-01
   4.7079859e-01   1.4791750e-01
   4.5915729e-01   1.7586374e-01
   4.7364529e-01   1.9598494e-01
   4.5512769e-01   1.8509614e-01
   4.6443838e-01   1.4889744e-01
   4.5424375e-01   1.4303405e-01
   4.5557894e-01   1.4153506e-01
   4.6714536e-01   1.5506255e-01
   4.7506011e-01   1.5160684e-01
   4.6951859e-01   1.7680584e-01
   4.7560900e-01   1.5265802e-01
   4.6594294e-01   1.5483075e-01
   4.6523318e-01   1.2923130e-01
   4.7062845e-01   1.5994270e-01
   4.5986599e-01   1.5311637e-01
   4.7049001e-01   1.3080112e-01
   4.5773937e-01   1.2815584e-01
   4.6439632e-01   1.6516965e-01
   4.7393760e-01   1.1189180e-01
   4.6648361e-01   1.2069405e-01
   4.5298157e-01   1.1299947e-01
   4.5448914e-01   1.5694629e-01
   4.5447887e-01   1.2852496e-01
   4.7075270e-01   1.5422956e-01
   5.4078735e-02   1.2071851e-01
   4.9021146e-02   1.2754503e-01
   6.8769784e-02   1.0592294e-01
   5.0343517e-02   1.6039632e-01
   6.8630741e-02   9.4558635e-02
   6.2337961e-02   8.7290131e-02
   6.0045282e-02   1.0813482e-01
   4.9746484e-02   7.5408997e-02
   4.9811767e-02   7.0635938e-02
   5.9704338e-02   9.0067629e-02
   6.9703597e-02   4.1563477e-02
   4.9528757e-02   8.2766383e-02
   6.5063181e-02   5.9717231e-02
   5.0485764e-02   3.0810578e-02
   6.5410400e-02   8.2740857e-02
   5.9096340e-02   5.3117284e-02
   6.0397728e-02   2.7558651e-02
   7.0005705e-02   4.7999210e-03
   4.8059870e-02   2.4808133e-02
   6.9355284e-02   5.4085771e-02
   5.7090725e-02   2.0094352e-02
   5.0520549e-02   5.0024146e-02
   6.4386781e-02   5.2257297e-02
   5.4210313e-02   2.7485774e-02
   5.7934992e-02   2.6653657e-02
   5.8143333e-02   2.4279288e-02
   6.8022695e-02   4.3523175e-02
   6.5602452e-02   3.6721430e-02
   5.0380929e-02   3.4908674e-02
   6.6986047e-02   7.5712276e-03
   6.0733035e-02  -1.6738465e-02
   6.6392797e-02   2.0499368e-02
   5.6186703e-02  -2.2493780e-02
   7.2993948e-02  -2.5244957e-02
   6.0664271e-02   1.7997076e-02
   6.7366160e-02   5.3600216e-03
   4.7823430e-02   3.2184067e-02
   5.3392458e-02  -8.9993323e-04
   6.5667845e-02   2.1639736e-02
   5.8422725e-02  -7.4846406e-03
   5.9855428e-02  -5.9302163e-03
   5.1924862e-02   2.9528369e-02
   5.3392865e-02  -1.8158338e-02
   4.8889570e-02  -3.2586145e-02
   7.1015554e-02   3.1751366e-02
   5.4380878e-02   2.4787991e-02
   7.2883883e-02   1.8330961e-02
   7.0618657e-02   8.4228848e-03
   6.4368700e-02  -2.8696204e-02
   6.2910579e-02  -6.9317005e-03
   6.1998932e-02  -3.7904428e-02
   5.3290111e-02   6.0481806e-03
   5.5147469e-02   7.0233964e-03
   5.8500440e-02  -2.6811768e-02
   5.9289660e-02   2.5734899e-02
   6.1071691e-02  -2.7985661e-02
   6.9862095e-02   1.7251340e-03
   5.9009646e-02   8.4336872e-03
   6.4040141e-02   2.3884822e-02
   7.3005904e-02   7.4914861e-03
   4.9203933e-02  -4.6927906e-04
   5.7752703e-02  -3.7919969e-02
   6.2147483e-02   1.3416369e-02
   6.7325609e-02  -1.2316875e-02
   5.5273694e-02  -8.4956046e-03
   5.5528005e-02  -2.3998495e-02
   5.1860404e-02   1.5992225e-02
   5.0741776e-02   2.3949650e-02
   5.1655941e-02   9.7443451e-03
   9.9271629e-01   2.9243987e-02
   9.9306366e-01  -2.8721101e-02
   1.0049763e+00   5.4859477e-02
   1.0004513e+00   8.4184664e-02
   1.0073782e+00   1.7279885e-01
   9.9783241e-01   2.6090588e-01
   9.9583673e-01   3.3436409e-01
   9.9204527e-01   4.4680271e-01
   1.0096569e+00   5.0523785e-01
   9.8769683e-01   6.0828786e-01
   9.9492987e-01   6.9414048e-01
   9.9035311e-01   7.6581555e-01
   1.0021862e+00   8.2139596e-01
   1.0105623e+00   8.6308811e-01
   9.9711164e-01   9.6783508e-01
   1.0117697e+00   1.0195045e+00
   9.9737667e-01   1.0091973e+00
   1.0114082e+00   1.1154637e+00
   9.9833783e-01   1.1135688e+00
   9.8858592e-01   1.1939904e+00
   1.0052656e+00   1.1952850e+00
   9.9167492e-01   1.2440017e+00
   1.0056951e+00   1.2705124e+00
   1.0021082e+00   1.2877650e+00
   9.8989769e-01   1.2715099e+00
   9.8890123e-01   1.2950532e+00
   1.0040085e+00   1.3364230e+00
   9.9771960e-01   1.3787015e+00
   9.9319232e-01   1.3591866e+00
   9.9681989e-01   1.3787531e+00
   9.9458254e-01   1.4339812e+00
   9.9531266e-01   1.4160491e+00
   1.0000623e+00   1.4086718e+00
   9.9251272e-01   1.4663396e+00
   1.0124251e+00   1.4583847e+00
   9.8812070e-01   1.4524741e+00
   9.9573424e-01   1.4984105e+00
   9.9388575e-01   1.5041437e+00
   9.9784829e-01   1.5135630e+00
   9.9566534e-01   1.4749259e+00
   1.0080199e+00   1.4943130e+00
   9.9958543e-01   1.4680160e+00
   9.9548293e-01   1.5123126e+00
   1.0097411e+00   1.4915051e+00
   9.9929269e-01   1.4993540e+00
   1.0117409e+00   1.4876166e+00
   1.0050541e+00   1.4946628e+00
   1.0094595e+00   1.4983943e+00
   1.0017974e+00   1.5126989e+00
   9.9734504e-01   1.5536576e+00
   1.0029936e+00   1.5413753e+00
   9.9754351e-01   1.5513952e+00
   9.9433474e-01   1.5090017e+00
   1.0064882e+00   1.5557057e+00
   1.0081443e+00   1.5407372e+00
   1.0078312e+00   1.5650310e+00
   9.9365887e-01   1.5525773e+00
   1.0075146e+00   1.5381261e+00
   9.9807663e-01   1.5643383e+00
   9.9754557e-01   1.5265691e+00
   1.0057091e+00   1.5640721e+00
   1.0117899e+00   1.5426661e+00
   1.0050484e+00   1.5668674e+00
   9.9919596e-01   1.5251519e+00
   1.0090181e+00   1.5382903e+00
   9.9203396e-01   1.5660818e+00
   1.0050576e+00   1.5429109e+00
   9.9547576e-01   1.5221420e+00
   9.9055356e-01   1.5204278e+00
  -3.0294719e-01   1.5338012e+00
  -2.9713352e-01   1.5721263e+00
  -3.0091738e-01   1.5315561e+00
  -2.9775536e-01   1.4554151e+00
  -3.1191081e-01   1.3828814e+00
  -3.2019950e-01   1.2944298e+00
  -2.9888239e-01   1.1826619e+00
  -3.1231543e-01   1.1303850e+00
  -3.0195762e-01   1.0090448e+00
  -3.0926153e-01   9.5316686e-01
  -3.1729793e-01   8.7079857e-01
  -3.0095626e-01   8.1209734e-01
  -3.1294852e-01   7.8023904e-01
  -3.1831654e-01   6.8880593e-01
  -2.9555155e-01   6.0872286e-01
  -3.1280943e-01   5.8254685e-01
  -2.9552342e-01   5.7190149e-01
  -3.1630309e-01   5.3163020e-01
  -3.1336027e-01   4.3273527e-01
  -2.9589672e-01   4.4800203e-01
  -2.9794112e-01   4.0624801e-01
  -3.0392397e-01   3.9469583e-01
  -3.0415821e-01   3.6565049e-01
  -3.1194357e-01   2.9094885e-01
  -3.0305858e-01   3.0788233e-01
  -3.0760618e-01   2.4916413e-01
  -3.1460302e-01   2.5330946e-01
  -3.1201053e-01   2.3111206e-01
  -3.1647485e-01   2.5069962e-01
  -3.0328858e-01   2.0915959e-01
  -3.1626544e-01   2.2227390e-01
  -2.9855736e-01   1.9019917e-01
  -3.1192655e-01   1.5954013e-01
  -3.0226931e-01   1.2966550e-01
  -2.9920914e-01   1.4408267e-01
  -2.9872569e-01   1.6925491e-01
  -2.9631248e-01   1.5702765e-01
  -2.9839018e-01   1.0674432e-01
  -3.1066412e-01   1.0179483e-01
  -3.1518419e-01   8.8112523e-02
  -3.0888639e-01   9.6332309e-02
  -3.0944547e-01   1.3125908e-01
  -3.0870043e-01   9.9278689e-02
  -3.1655687e-01   5.5483701e-02
  -3.1126818e-01   1.1498747e-01
  -3.1161066e-01   6.4747090e-02
  -3.1007424e-01   7.5192567e-02
  -3.1503166e-01   6.4381916e-02
  -3.0480819e-01   6.5122201e-02
  -3.1911656e-01   5.6069382e-02
  -2.9849841e-01   3.4925125e-02
  -3.1385924e-01   6.8335339e-02
  -3.0822495e-01   9.2687748e-02
  -3.1821348e-01   4.6693453e-02
  -3.0389512e-01   8.8925146e-02
  -3.0628338e-01   6.5662457e-02
  -3.1743809e-01   3.1361493e-02
  -3.1910083e-01   2.2034892e-02
  -3.0804975e-01   7.1453230e-02
  -3.0740784e-01   2.1684692e-02
  -3.0156199e-01   3.3674646e-02
  -3.0188309e-01   2.8891823e-02
  -3.1654791e-01   4.9844038e-02
  -3.1334397e-01   6.5832442e-02
  -3.1363133e-01   5.3212201e-02
  -3.0075093e-01   3.0139152e-02
  -3.1488765e-01   3.2850930e-02
  -3.0691879e-01   1.8767342e-02
  -3.1548865e-01   7.5807406e-02
  -2.6516655e-01   3.9092990e-02
  -2.6235130e-01   7.4150584e-02
  -2.5763404e-01   6.2740556e-02
  -2.6186847e-01   7.7412903e-02
  -2.7329435e-01   6.7306687e-02
  -2.6563600e-01   3.1717630e-02
  -2.8084903e-01   1.8035114e-02
  -2.7991707e-01   6.2920234e-02
  -2.6459636e-01   7.3793699e-02
  -2.5860441e-01   8.1778157e-03
  -2.7199694e-01   7.1977552e-02
  -2.7777354e-01   7.0604798e-02
  -2.8069856e-01   2.8539640e-02
  -2.8063411e-01   4.0307817e-02
  -2.5894425e-01   4.7166459e-02
  -2.7136945e-01   2.3358720e-02
  -2.7164979e-01   3.6157454e-02
  -2.6838083e-01   4.8281887e-02
  -2.6129913e-01   3.8826388e-02
  -2.6965528e-01   3.8680552e-02
  -2.7210464e-01   6.3204816e-02
  -2.7350359e-01   3.0922978e-02
  -2.5906742e-01   5.9003288e-02
  -2.7541607e-01   2.2037786e-02
  -2.6407997e-01   6.0698473e-02
  -2.7045127e-01   5.9901375e-02
  -2.6662294e-01   3.7232172e-02
  -2.5872083e-01   6.7132972e-02
  -2.6548817e-01   3.1678846e-02
  -2.6542057e-01   7.1005682e-02
  -2.5767565e-01   1.8982979e-02
  -2.5658189e-01   1.5502860e-02
  -2.6551133e-01   5.2830634e-02
  -2.6412998e-01   1.8662601e-02
  -2.7676921e-01   7.2043942e-02
  -2.7749817e-01   4.8555968e-02
  -2.7505353e-01   1.9805408e-02
  -2.6567305e-01   2.2101397e-02
  -2.6649001e-01   8.2360281e-03
  -2.5978485e-01   7.7394135e-03
  -2.7518042e-01   4.5374710e-03
  -2.7639377e-01   1.5198656e-02
  -2.7566522e-01   4.4814969e-02
  -2.6754800e-01   9.8741838e-03
  -2.5808552e-01   8.3353824e-03
  -2.5804324e-01   4.1536507e-02
  -2.7841302e-01   6.1573815e-02
  -2.7834354e-01   2.8576204e-02
  -2.7621750e-01   4.0198944e-02
  -2.6167622e-01   4.0948642e-02
  -2.6922514e-01   6.3509050e-02
  -2.5708047e-01   6.0588454e-02
  -2.7999695e-01   8.3391632e-03
  -2.7391840e-01   1.9710740e-02
  -2.5656588e-01   3.4841512e-02
  -2.6959425e-01   1.3673517e-02
  -2.7043202e-01   3.4357499e-02
  -2.7056478e-01   6.9827709e-02
  -2.5686067e-01   2.4607576e-02
  -2.7363745e-01   1.0565391e-02
  -2.6476297e-01   6.4526678e-03
  -2.7280581e-01   4.3279597e-02
  -2.6197621e-01   7.1468439e-02
  -2.8109168e-01   5.3079761e-02
  -2.7956994e-01   6.8272975e-02
  -2.6303194e-01   3.2026518e-02
  -2.7405660e-01   9.8649181e-03
  -2.6974655e-01   1.9402498e-02
  -2.8028844e-01   6.3210389e-02
  -9.8060976e-01   4.5860285e-02
  -9.8651300e-01   7.0929636e-03
  -9.8259273e-01   4.5072984e-02
  -9.8094525e-01   1.7680045e-02
  -9.7096482e-01  -1.4770366e-02
  -9.7964237e-01  -2.5779939e-03
  -9.7304402e-01  -1.5214419e-02
  -9.6522653e-01  -3.5392683e-02
  -9.8825007e-01  -6.8188787e-02
  -9.7834040e-01  -1.0871646e-01
  -9.6991148e-01  -1.4073398e-01
  -9.8918369e-01  -1.4378603e-01
  -9.7465119e-01  -1.6051284e-01
  -9.6800318e-01  -1.4163926e-01
  -9.6930727e-01  -2.1802268e-01
  -9.8185870e-01  -2.3003582e-01
  -9.8675357e-01  -2.2881842e-01
  -9.7697066e-01  -2.1814456e-01
  -9.7133741e-01  -2.5747579e-01
  -9.8376526e-01  -2.5463981e-01
  -9.6981958e-01  -2.7614982e-01
  -9.7158245e-01  -2.5275602e-01
  -9.7910007e-01  -2.3964621e-01
  -9.7800464e-01  -2.4421401e-01
  -9.8677951e-01  -2.6845832e-01
  -9.6583842e-01  -2.4495636e-01
  -9.8860500e-01  -2.6313421e-01
  -9.6719358e-01  -3.0812439e-01
  -9.8815025e-01  -3.1636905e-01
  -9.7108763e-01  -2.9838019e-01
  -9.7827925e-01  -3.0463525e-01
  -9.6633422e-01  -2.9186963e-01
  -9.8008786e-01  -3.2608211e-01
  -9.8563617e-01  -2.6917281e-01
  -9.7398205e-01  -3.3145842e-01
  -9.6976592e-01  -3.1437168e-01
  -9.6914982e-01  -3.4224952e-01
  -9.8384277e-01  -3.3023950e-01
  -9.8994495e-01  -2.8762479e-01
  -9.7935075e-01  -2.9958836e-01
  -9.6572464e-01  -2.9859126e-01
  -9.7237495e-01  -3.1435233e-01
  -9.7823005e-01  -3.1128541e-01
  -9.7684789e-01  -3.3036229e-01
  -9.8351723e-01  -3.2393100e-01
  -9.8669864e-01  -2.8762869e-01
  -9.7393707e-01  -2.8950854e-01
  -9.7784094e-01  -3.1912059e-01
  -9.6619311e-01  -3.0449195e-01
  -9.7462330e-01  -3.2770127e-01
  -9.6803744e-01  -2.9163234e-01
  -9.6896289e-01  -3.0865077e-01
  -9.8183915e-01  -3.2126134e-01
  -9.7132393e-01  -2.8939794e-01
  -9.7997872e-01  -3.4429383e-01
  -9.6784641e-01  -3.3663861e-01
  -9.8514272e-01  -3.1905093e-01
  -9.7604724e-01  -3.0624096e-01
  -9.8742279e-01  -2.9949390e-01
  -9.8839801e-01  -3.3764430e-01
  -9.7954364e-01  -3.0917119e-01
  -9.7333082e-01  -3.5394758e-01
  -9.8034377e-01  -2.9539231e-01
  -9.8257645e-01  -3.4636736e-01
  -9.6563016e-01  -3.4445025e-01
  -9.7362182e-01  -3.1175910e-01
  -9.8445203e-01  -3.0750148e-01
  -9.7364089e-01  -3.5832546e-01
  -9.8570408e-01  -2.9500202e-01
  -9.8635905e-01  -3.2614348e-01
  -9.7579138e-01  -3.0094971e-01
  -9.9755321e-01  -3.2904645e-01
  -9.8232099e-01  -2.9928325e-01
  -9.7336394e-01  -3.4186871e-01
  -9.9029688e-01  -3.5305287e-01
  -9.7616625e-01  -3.0394131e-01
  -9.9420279e-01  -3.3478342e-01
  -9.7710112e-01  -3.0707891e-01
  -9.9356292e-01  -3.5660975e-01
  -9.9686834e-01  -3.6357735e-01
  -9.9112856e-01  -3.4412371e-01
  -9.7802878e-01  -3.4429931e-01
  -9.7393845e-01  -3.6484758e-01
  -9.8996599e-01  -3.5227468e-01
  -9.9722179e-01  -3.0338368e-01
  -9.7992954e-01  -3.6467771e-01
  -9.7239314e-01  -3.3009362e-01
  -9.9117871e-01  -3.3779650e-01
  -9.8800559e-01  -3.6667528e-01
  -9.7804772e-01  -3.6336038e-01
  -9.8772580e-01  -3.6567768e-01
  -9.8837679e-01  -3.4536979e-01
  -9.7720882e-01  -3.2661190e-01
  -9.7801814e-01  -3.2645726e-01
  -9.9593979e-01  -3.2257683e-01
  -9.9016795e-01  -3.0220564e-01
  -9.7574376e-01  -3.6695669e-01
  -9.9713587e-01  -3.3942975e-01
  -9.7823345e-01  -3.6954617e-01
  -9.8093279e-01  -3.2644918e-01
  -9.8143377e-01  -3.2318416e-01
  -9.9237838e-01  -3.6461342e-01
  -9.7770991e-01  -3.3175680e-01
  -9.8903425e-01  -3.0832252e-01
  -9.7192301e-01  -3.0717318e-01
  -9.9303703e-01  -3.4098447e-01
  -9.8312508e-01  -3.0381894e-01
  -9.9452679e-01  -3.1401495e-01
  -9.8279292e-01  -3.4567030e-01
  -9.7988017e-01  -3.1140660e-01
  -9.9425895e-01  -3.3079407e-01
  -9.8421996e-01  -3.6992781e-01
  -9.8221908e-01  -3.4461008e-01
  -9.9399610e-01  -3.1580371e-01
  -9.7392551e-01  -3.5003254e-01
  -9.8153328e-01  -3.4057370e-01
  -9.7829572e-01  -3.0604146e-01
  -9.7754964e-01  -3.6306455e-01
  -9.8603359e-01  -3.7264302e-01
  -9.9619104e-01  -3.2906819e-01
  -9.8921764e-01  -3.1338171e-01
  -9.9700944e-01  -3.3088110e-01
  -9.8311892e-01  -3.5728969e-01
  -9.8975237e-01  -3.0561646e-01
  -9.8617323e-01  -3.2915351e-01
  -9.8443064e-01  -3.5961277e-01
  -9.7470091e-01  -3.2568662e-01
  -9.9487613e-01  -3.6266725e-01
  -9.7943931e-01  -3.6679326e-01
  -9.9328512e-01  -3.4578233e-01
  -9.9053639e-01  -3.6856751e-01
  -9.7910185e-01  -3.1952753e-01
  -9.9349925e-01  -3.5763425e-01
  -9.7969531e-01  -3.0962028e-01
  -9.9209657e-01  -3.5792806e-01
  -9.8362546e-01  -3.3597900e-01
  -9.7181447e-01  -3.4929640e-01
  -9.9068986e-01  -3.3851582e-01
  -5.7085089e-01  -3.5392922e-01
  -5.7755498e-01  -3.6278399e-01
  -5.7638678e-01  -3.4351528e-01
  -5.8733896e-01  -3.4380122e-01
  -5.8581770e-01  -2.9113955e-01
  -5.7388863e-01  -2.7298886e-01
  -5.9353575e-01  -2.9008416e-01
  -5.8538624e-01  -2.1166109e-01
  -5.7567998e-01  -2.2460948e-01
  -5.8267218e-01  -2.1986223e-01
  -5.9225001e-01  -1.8867593e-01
  -5.9199600e-01  -1.9376578e-01
  -5.8793096e-01  -1.4889185e-01
  -5.8727976e-01  -1.0715613e-01
  -5.8557230e-01  -1.5819568e-01
  -5.8619885e-01  -1.1174247e-01
  -5.8276722e-01  -7.4725401e-02
  -5.7195953e-01  -7.0597885e-02
  -5.9539847e-01  -1.0570118e-01
  -5.8212630e-01  -7.1633115e-02
  -5.8304905e-01  -1.0037763e-01
  -5.8600019e-01  -5.2051707e-02
  -5.9597328e-01  -6.6122443e-02
  -5.7072709e-01  -5.3286663e-02
  -5.7286612e-01  -7.7211710e-02
  -5.7724962e-01  -5.9423948e-02
  -5.8542177e-01  -4.0471782e-02
  -5.9503302e-01  -3.6075729e-02
  -5.7405244e-01  -2.9967461e-02
  -5.7533894e-01  -4.4753331e-02
  -5.8272507e-01  -2.8985921e-02
  -5.9061577e-01  -3.3851490e-03
  -5.7148741e-01  -2.1732994e-02
  -5.9261177e-01   2.6906223e-03
  -5.7947423e-01  -4.6741852e-02
  -5.8565286e-01  -3.5038277e-02
  -5.9556640e-01   5.0466708e-03
  -5.8197907e-01  -4.3364493e-02
  -5.8867705e-01   1.9406282e-03
  -5.7172135e-01   1.6877055e-02
  -5.7645046e-01  -1.7417299e-02
  -5.9557581e-01  -3.9886844e-02
  -5.9211357e-01  -1.7100479e-02
  -5.8110679e-01  -2.0213042e-03
  -5.8097101e-01  -8.6618113e-03
  -5.7608900e-01   1.4243722e-02
  -5.8995363e-01  -1.7678410e-02
  -5.8256098e-01   3.0314294e-02
  -5.8181145e-01   2.7874519e-02
  -5.8742916e-01   3.0993793e-02
  -5.7319080e-01   9.2636923e-03
  -5.9132413e-01  -2.0359617e-02
  -5.8086683e-01   2.6093972e-02
  -5.9269629e-01   1.7083404e-02
  -5.7725847e-01  -3.0763481e-02
  -5.8950934e-01  -4.3629840e-03
  -5.8064992e-01   1.0399016e-02
  -5.9497404e-01  -1.0266703e-03
  -5.9343120e-01   1.2402026e-02
  -5.9124150e-01  -1.4026554e-02
  -5.8198370e-01  -2.1148572e-02
  -5.8219669e-01  -3.1089945e-02
  -5.8340436e-01  -3.0478914e-02
  -5.9234508e-01  -7.4057286e-03
  -5.8779258e-01  -1.7406667e-03
  -5.9519697e-01   2.9390537e-02
  -5.9439718e-01   1.2861889e-02
  -5.9531062e-01   1.9990101e-02
  -5.8156311e-01   2.0735952e-02
   5.2456399e-01   2.3835925e-02
   5.2597342e-01  -9.5429471e-03
   5.1712788e-01   4.5173111e-02
   5.3029276e-01   5.2488611e-02
   5.3084240e-01   5.9588665e-02
   5.2489991e-01   3.7459511e-02
   5.3252550e-01   4.1018353e-02
   5.1619498e-01   7.3568167e-02
   5.2181366e-01   9.0279787e-02
   5.1385745e-01   6.1035687e-02
   5.2870216e-01   1.3014459e-01
   5.3385455e-01   1.4001782e-01
   5.1472310e-01   1.3224812e-01
   5.2226166e-01   1.1138746e-01
   5.3647692e-01   1.4392768e-01
   5.2525677e-01   1.5523841e-01
   5.2431062e-01   1.6449021e-01
   5.3097175e-01   1.4983241e-01
   5.3375842e-01   1.3021322e-01
   5.1353933e-01   1.4089290e-01
   5.2725168e-01   1.6443257e-01
   5.1939833e-01   1.7583268e-01
   5.1636561e-01   1.7494635e-01
   5.1078427e-01   1.8534830e-01
   5.1088980e-01   1.9693432e-01
   5.2416654e-01   1.8533103e-01
   5.1983192e-01   2.1477628e-01
   5.1744843e-01   1.6206429e-01
   5.3223111e-01   2.1046657e-01
   5.1782698e-01   1.8139992e-01
   5.3069635e-01   1.8145370e-01
   5.1310053e-01   1.8656502e-01
   5.2905077e-01   2.0336450e-01
   5.3297004e-01   1.9413933e-01
   5.2150988e-01   1.6109685e-01
   5.3633126e-01   2.0690580e-01
   5.2545798e-01   1.9440201e-01
   5.2099872e-01   1.8202066e-01
   5.2849626e-01   2.3147372e-01
   5.1589636e-01   1.6542880e-01
   5.1545314e-01   1.7670381e-01
   5.3182307e-01   2.0371604e-01
   5.2877986e-01   2.2654784e-01
   5.1284500e-01   1.7947833e-01
   5.2795558e-01   1.7411120e-01
   5.2399873e-01   1.8350474e-01
   5.1509537e-01   1.8365471e-01
   5.1206895e-01   1.9724756e-01
   5.2105915e-01   2.0705252e-01
   5.1259914e-01   1.7419582e-01
   5.2592198e-01   2.2607808e-01
   5.1287588e-01   2.0562786e-01
   5.2870528e-01   1.9682413e-01
   5.1354774e-01   2.1487130e-01
   5.1276935e-01   2.0234432e-01
   5.3531408e-01   2.2089390e-01
   5.2333655e-01   1.7594107e-01
   5.1145774e-01   1.8561979e-01
   5.2697161e-01   2.3514912e-01
   5.1712094e-01   2.1168405e-01
   5.2071052e-01   1.8926400e-01
   5.1847674e-01   2.1158472e-01
   5.1444705e-01   2.4015631e-01
   5.1412457e-01   1.8970702e-01
   5.1246754e-01   1.7396778e-01
   5.3158355e-01   2.0379121e-01
   5.2257925e-01   1.7541935e-01
   5.2634859e-01   2.1151547e-01
   5.1938732e-01   2.1564213e-01
   5.7793087e-01   1.9981988e-01
   5.8692673e-01   2.3261607e-01
   5.9508213e-01   2.2773786e-01
   5.8427941e-01   2.1903926e-01
   5.9385583e-01   2.0283453e-01
   5.8825350e-01   1.9970253e-01
   5.9069518e-01   1.9846261e-01
   5.7550705e-01   2.2036543e-01
   5.8011017e-01   2.3237510e-01
   5.9006277e-01   2.4921851e-01
   5.9189382e-01   2.8241801e-01
   5.8650821e-01   2.3667609e-01
   5.9110513e-01   2.9106145e-01
   5.8435668e-01   2.6631344e-01
   5.7345750e-01   2.6157411e-01
   5.7363299e-01   2.9877442e-01
   5.8953273e-01   2.9995062e-01
   5.9477376e-01   2.6664065e-01
   5.8509821e-01   2.6129189e-01
   5.8341662e-01   2.7484967e-01
   5.9292054e-01   2.8226169e-01
   5.8247780e-01   3.1114726e-01
   5.8469360e-01   3.1301575e-01
   5.7664614e-01   3.1559084e-01
   5.8679774e-01   2.7880191e-01
   5.7363828e-01   3.0744171e-01
   5.9003487e-01   2.8635273e-01
   5.9681579e-01   2.9217270e-01
   5.8954103e-01   2.8450582e-01
   5.7531678e-01   2.8641255e-01
   5.7633953e-01   2.6201042e-01
   5.7995504e-01   2.8212131e-01
   5.9641685e-01   2.8555330e-01
   5.9332975e-01   2.7178651e-01
   5.8727625e-01   2.8275504e-01
   5.8697407e-01   2.8181640e-01
   5.8669665e-01   3.2233334e-01
   5.9675633e-01   3.0372805e-01
   5.8944156e-01   2.6274308e-01
   5.8072227e-01   2.5887545e-01
   5.7326224e-01   3.2490430e-01
   5.9759531e-01   3.2402171e-01
   5.8438450e-01   2.6389232e-01
   5.8768769e-01   2.9148843e-01
   5.9105723e-01   2.9186333e-01
   5.7262511e-01   3.0362348e-01
   5.9390771e-01   2.7437642e-01
   5.8863370e-01   3.1847620e-01
   5.9823853e-01   3.0124585e-01
   5.7376591e-01   3.0353739e-01
   5.8069945e-01   2.7206552e-01
   5.9793268e-01   2.9159646e-01
   5.9257536e-01   2.8438562e-01
   5.9106183e-01   3.1103045e-01
   5.9145726e-01   3.2799269e-01
   5.7511194e-01   2.9509160e-01
   5.9507951e-01   2.9907193e-01
   5.9487833e-01   2.7488791e-01
   5.7391522e-01   3.2992143e-01
   5.9247806e-01   3.0107078e-01
   5.7494337e-01   3.3165298e-01
   5.9237168e-01   2.8932410e-01
   5.9262462e-01   2.6321789e-01
   5.7318509e-01   2.9289231e-01
   5.8280935e-01   3.1522400e-01
   5.7741364e-01   2.7423522e-01
   5.8783422e-01   3.2115219e-01
   5.8938115e-01   2.8144898e-01
   5.8533633e-01   2.8237251e-01
  -3.2266312e-01   2.6877073e-01
  -3.2330688e-01   3.0280032e-01
  -3.2282842e-01   2.7255768e-01
  -3.1821750e-01   3.0554441e-01
  -3.2153501e-01   2.9643632e-01
  -3.2725321e-01   2.6546534e-01
  -3.2413784e-01   2.4284716e-01
  -3.2471527e-01   2.2836810e-01
  -3.2717763e-01   2.1199408e-01
  -3.1265158e-01   1.9211913e-01
  -3.2339521e-01   1.7973096e-01
  -3.0463270e-01   1.8783539e-01
  -3.2544732e-01   1.3742661e-01
  -3.1888730e-01   1.3086923e-01
  -3.1865557e-01   1.0914637e-01
  -3.1384385e-01   1.6132637e-01
  -3.1829963e-01   1.0984355e-01
  -3.0581730e-01   9.8098019e-02
  -3.2907143e-01   1.3694166e-01
  -3.1173445e-01   8.1747407e-02
  -3.0489894e-01   1.1449899e-01
  -3.1277589e-01   1.2967687e-01
  -3.1438105e-01   5.9310756e-02
  -3.1605301e-01   9.1140207e-02
  -3.1933588e-01   9.4494308e-02
  -3.0672112e-01   9.7785162e-02
  -3.1333211e-01   8.3870963e-02
  -3.1107648e-01   1.0295661e-01
  -3.0447409e-01   1.0182731e-01
  -3.2336714e-01   7.8402916e-02
  -3.1038567e-01   9.5746964e-02
  -3.2412906e-01   7.9001543e-02
  -3.1782523e-01   2.9681141e-02
  -3.2049048e-01   3.8576511e-02
  -3.1191034e-01   5.6039461e-02
  -3.0376224e-01   2.6155234e-02
  -3.1189099e-01   3.2259337e-02
  -3.2565695e-01   6.9471320e-02
  -3.1732377e-01   6.1270009e-02
  -3.2871305e-01   5.3592544e-02
  -3.1981794e-01   6.9313960e-02
  -3.2064440e-01   3.7910862e-02
  -3.0519848e-01   4.0133502e-02
  -3.2103091e-01   6.3379451e-02
  -3.1280546e-01   1.7000994e-02
  -3.1032493e-01   4.5118516e-02
  -3.2384143e-01   4.0736477e-02
  -3.1931659e-01   6.2745012e-02
  -3.2625476e-01   4.3682348e-02
  -3.2594918e-01   3.8869741e-02
  -3.1152386e-01   5.5184570e-02
  -3.1081139e-01   1.3310782e-02
  -3.1878545e-01   3.5937336e-02
  -3.2913642e-01   4.1902837e-02
  -3.2027573e-01   6.4979648e-02
  -3.1438167e-01   3.2634570e-02
  -3.1546048e-01   7.7511021e-02
  -3.2337085e-01   3.6280218e-02
  -3.0381897e-01   1.0287709e-02
  -3.2306763e-01   4.0320896e-02
  -3.1717424e-01   5.2072797e-02
  -3.1283076e-01   1.5215273e-02
  -3.0344361e-01   2.4580472e-02
  -3.0749597e-01   6.9301583e-02
  -3.1631428e-01   3.6212869e-02
  -3.2416210e-01   2.3471998e-02
  -3.2827318e-01   5.0175321e-02
  -3.1432314e-01   5.2361546e-02
  -3.2323637e-01   7.1066950e-02
  -8.8752293e-01   5.3174723e-02
  -8.9669625e-01   4.2312390e-02
  -8.7578248e-01   8.7818249e-03
  -8.8654292e-01  -1.3952722e-03
  -8.8469729e-01  -1.8351195e-02
  -8.9574185e-01   2.5373068e-02
  -8.7762696e-01  -4.7542603e-03
  -8.8646612e-01  -2.9945806e-02
  -8.8246662e-01  -3.9513395e-02
  -8.8384940e-01  -8.0147648e-02
  -8.8475839e-01  -4.4235966e-02
  -8.8285487e-01  -7.9275659e-02
  -8.9464183e-01  -9.3449569e-02
  -8.7820275e-01  -1.3118097e-01
  -8.9496268e-01  -8.2604972e-02
  -8.8265479e-01  -1.5028463e-01
  -8.9035172e-01  -1.5135937e-01
  -8.8068104e-01  -1.2855199e-01
  -8.8285384e-01  -1.7125133e-01
  -8.8943203e-01  -1.7003616e-01
  -8.9469434e-01  -1.8512427e-01
  -8.9205663e-01  -1.3422131e-01
  -8.8657147e-01  -1.4189867e-01
  -8.9271595e-01  -1.4850118e-01
  -8.9730567e-01  -1.7395419e-01
  -8.8513419e-01  -1.6166603e-01
  -8.7484131e-01  -1.9557449e-01
  -8.8690928e-01  -1.6740239e-01
  -8.8655351e-01  -1.5773326e-01
  -8.8862273e-01  -1.7723023e-01
  -8.7316048e-01  -1.9499718e-01
  -8.9720135e-01  -1.9367768e-01
  -8.7829276e-01  -2.2659330e-01
  -8.8882210e-01  -2.2552272e-01
  -8.8297106e-01  -2.2400427e-01
  -8.8446188e-01  -1.8502557e-01
  -8.8481862e-01  -1.8034980e-01
  -8.9068733e-01  -2.2174935e-01
  -8.7560159e-01  -2.3288091e-01
  -8.9373170e-01  -1.9802625e-01
  -8.9348003e-01  -1.9726077e-01
  -8.7966943e-01  -1.7430142e-01
  -8.9467481e-01  -2.3369948e-01
  -8.7850266e-01  -2.2443344e-01
  -8.9792775e-01  -1.7793914e-01
  -8.8778104e-01  -1.7313075e-01
  -8.9474701e-01  -1.9689440e-01
  -8.8555656e-01  -2.1341258e-01
  -8.9419917e-01  -1.8454557e-01
  -8.8831480e-01  -2.1807622e-01
  -8.7441467e-01  -2.2625444e-01
  -8.9118044e-01  -2.3650598e-01
  -8.9501368e-01  -1.7569356e-01
  -8.7501011e-01  -2.2309840e-01
  -8.7471912e-01  -2.0306458e-01
  -8.9416206e-01  -2.2413087e-01
  -8.9776986e-01  -2.0441765e-01
  -8.8876721e-01  -2.0991456e-01
  -8.7896939e-01  -2.1563979e-01
  -8.8551991e-01  -2.3864421e-01
  -8.8579238e-01  -1.8744745e-01
  -8.8160607e-01  -2.1788472e-01
  -8.9468486e-01  -2.4410666e-01
  -8.8035608e-01  -2.0760999e-01
  -8.8403468e-01  -2.4059602e-01
  -8.7706053e-01  -2.3694454e-01
  -8.7811491e-01  -2.1117940e-01
  -8.9810246e-01  -1.9321304e-01
  -8.8712270e-01  -1.9581888e-01
  -6.1332051e-01  -1.8496366e-01
  -6.1992240e-01  -2.3274803e-01
  -6.0004349e-01  -2.1470104e-01
  -6.0338190e-01  -2.2343317e-01
  -6.0875338e-01  -2.0627593e-01
  -6.1525318e-01  -1.8475539e-01
  -6.1323476e-01  -1.8186689e-01
  -6.0706332e-01  -1.4627028e-01
  -6.1441773e-01  -1.3827570e-01
  -6.1444669e-01  -1.4142315e-01
  -6.0146981e-01  -1.3858298e-01
  -6.1428875e-01  -1.1454573e-01
  -6.2071908e-01  -1.3163930e-01
  -6.0910535e-01  -9.7200163e-02
  -6.1519942e-01  -7.7826942e-02
  -5.9874214e-01  -1.0157510e-01
  -6.0430988e-01  -4.1046885e-02
  -6.1743809e-01  -7.2441096e-02
  -6.0048456e-01  -3.4954747e-02
  -6.0621862e-01  -4.1818703e-02
  -6.1784708e-01  -1.8168524e-02
  -6.0590812e-01  -2.1527688e-02
  -6.1364143e-01  -6.1209664e-02
  -5.9685418e-01  -5.5561349e-02
  -6.1137502e-01  -1.9373885e-02
  -6.2021593e-01  -2.2488546e-02
  -5.9737050e-01  -5.8385899e-02
  -6.1669987e-01  -4.5317397e-02
  -6.1009653e-01  -6.2818745e-02
  -6.1188997e-01  -4.5485557e-02
  -6.0778027e-01  -4.2391836e-02
  -6.2028072e-01   8.9745148e-03
  -6.1527273e-01  -5.3005227e-02
  -6.0315227e-01   2.6430633e-03
  -6.0319390e-01   2.8628189e-03
  -6.0780394e-01  -3.0811342e-02
  -6.2042421e-01  -2.6359731e-02
  -6.0256426e-01  -2.0074322e-02
  -6.1848665e-01   8.6471815e-03
  -6.1526398e-01  -2.1518198e-03
  -6.0714267e-01  -3.6197372e-02
  -6.0492076e-01   1.1500213e-02
  -6.0975769e-01   1.4976771e-02
  -6.0692876e-01  -3.6689752e-02
  -5.9736538e-01  -3.7746087e-02
  -6.1910043e-01   3.9216118e-03
  -6.1637849e-01  -4.0077718e-02
  -6.0083457e-01  -1.6951530e-02
  -6.0449489e-01  -2.3755006e-02
  -6.1732975e-01  -9.9620212e-03
  -6.0474679e-01   2.4025551e-02
  -6.1859162e-01  -6.9781144e-03
  -6.0086830e-01   7.0141924e-03
  -6.0044884e-01   1.3473375e-02
  -6.1378039e-01  -3.1802733e-02
  -6.0609056e-01  -1.9058551e-02
  -5.9693291e-01   2.4219071e-02
  -6.1215345e-01   1.0089995e-02
  -6.0623697e-01   2.0343809e-02
  -6.0166154e-01  -3.4209595e-02
  -5.9985411e-01  -1.7589894e-02
  -5.9748522e-01  -2.6532459e-02
  -5.9804319e-01  -7.9500530e-03
  -6.0038047e-01  -2.5565463e-02
  -5.9594446e-01  -2.9778574e-02
  -5.9599449e-01   1.6339612e-02
  -6.1348810e-01  -7.1881022e-03
  -5.9807369e-01   2.7328096e-02
  -6.1738554e-01   2.3826362e-02
   1.7510135e-01  -1.6354768e-02
   1.5629665e-01  -6.8648313e-03
   1.5467319e-01   2.4078091e-02
   1.6262531e-01  -2.5386560e-02
   1.6078700e-01   9.0293672e-03
   1.6674008e-01  -1.7446517e-02
   1.6168939e-01   1.0933414e-02
   1.5633138e-01  -1.3328732e-02
   1.7626567e-01   1.2051722e-02
   1.7790042e-01  -3.5032425e-02
   1.5693316e-01   6.7360672e-03
   1.7480183e-01  -7.9622138e-03
   1.7558047e-01  -2.8778855e-03
   1.7925244e-01   1.8243997e-02
   1.5907742e-01   2.9127130e-02
   1.7831738e-01  -5.0620529e-03
   1.7785783e-01   3.4740856e-03
   1.7305929e-01  -1.2234713e-02
   1.6640183e-01  -9.3316389e-03
   1.5468499e-01  -1.7083618e-02
   1.5590743e-01   6.6653081e-03
   1.6021580e-01   6.6776628e-03
   1.6704232e-01  -3.4352642e-03
   1.5591560e-01  -7.9553732e-03
   1.7278317e-01  -7.3624764e-03
   1.7555452e-01  -5.8104498e-03
   1.6686587e-01   2.7297482e-02
   1.6501465e-01   2.9976898e-02
   1.7016974e-01  -2.1298349e-02
   1.7052183e-01   1.4760523e-02
   1.5834124e-01   2.5396787e-02
   1.7463417e-01  -2.5581050e-02
   1.7525842e-01   2.9887410e-02
   1.5565799e-01   1.5411420e-02
   1.7422912e-01  -2.6862061e-03
   1.6468109e-01   6.9069798e-03
   1.6553711e-01  -3.0917544e-02
   1.6416655e-01  -2.9407939e-02
   1.6294552e-01   1.7171287e-02
   1.6635900e-01  -1.7218418e-03
   1.5488906e-01   2.0777752e-02
   1.6495881e-01  -2.9864134e-02
   1.6803690e-01  -3.4311041e-02
   1.7613968e-01  -2.7064267e-02
   1.6112540e-01  -2.5150507e-02
   1.5487576e-01   8.3560893e-04
   1.6192169e-01   1.8794210e-02
   1.5594525e-01  -3.6872420e-02
   1.5652237e-01  -2.5376394e-02
   1.5701251e-01  -2.5001508e-03
   1.7076477e-01  -1.7303248e-03
   1.7229011e-01   2.9632175e-02
   1.6261358e-01   2.9971385e-02
   1.7865248e-01  -2.1244283e-02
   1.5495551e-01  -1.8373802e-02
   1.5924485e-01  -1.7779595e-02
   1.7549361e-01   4.6945504e-03
   1.7682582e-01  -2.2253258e-02
   1.7579582e-01  -5.4213385e-03
   1.7620360e-01  -1.4042782e-02
   1.8020856e-01  -3.6966085e-02
   1.6275049e-01  -1.1728832e-02
   1.6063875e-01   3.3346290e-03
   1.6744533e-01   6.2246085e-03
   1.7301172e-01  -2.5284254e-02
   1.6571175e-01   1.5398129e-02
   1.5836828e-01  -2.0454748e-02
   1.6850478e-01  -4.7708497e-03
   1.7852678e-01  -2.9791390e-02
   8.3899320e-01  -6.3824844e-03
   8.4208597e-01   2.8051906e-02
   8.5988320e-01   4.7416048e-03
   8.3687593e-01   6.0587794e-02
   8.5433396e-01   1.2444724e-01
   8.4062376e-01   1.6129352e-01
   8.5136309e-01   2.0923843e-01
   8.5864105e-01   2.9825038e-01
   8.5781094e-01   3.2760423e-01
   8.4595551e-01   4.0650682e-01
   8.5232314e-01   4.5265681e-01
   8.4386869e-01   4.3448050e-01
   8.4868295e-01   5.1069878e-01
   8.4962652e-01   5.6129816e-01
   8.4031907e-01   5.9270383e-01
   8.4883779e-01   5.9981021e-01
   8.5806337e-01   6.1177484e-01
   8.5342941e-01   6.2890514e-01
   8.4645395e-01   6.5979954e-01
   8.3969111e-01   7.2044408e-01
   8.4656372e-01   7.1096644e-01
   8.4166357e-01   7.1689438e-01
   8.4442235e-01   7.5395794e-01
   8.5783434e-01   7.5695060e-01
   8.5027410e-01   7.8769043e-01
   8.4032570e-01   8.2843850e-01
   8.3963566e-01   8.0819131e-01
   8.5580460e-01   8.4594149e-01
   8.5269347e-01   7.9964761e-01
   8.5435141e-01   8.1064392e-01
   8.6147042e-01   8.6158889e-01
   8.4692419e-01   8.8294716e-01
   8.4227944e-01   8.5381885e-01
   8.4035332e-01   8.9275324e-01
   8.3973246e-01   8.6077402e-01
   8.3949242e-01   8.7352018e-01
   8.5187963e-01   9.2013518e-01
   8.6126916e-01   8.9205234e-01
   8.4077866e-01   8.7431941e-01
   8.3765935e-01   9.3417016e-01
   8.5435004e-01   9.2675057e-01
   8.3915448e-01   9.1724549e-01
   8.4304725e-01   8.8281605e-01
   8.3656139e-01   9.3454014e-01
   8.3836186e-01   9.3527302e-01
   8.4616303e-01   9.1166180e-01
   8.5918301e-01   8.9669734e-01
   8.6043833e-01   9.0440856e-01
   8.4100638e-01   9.1557865e-01
   8.4924115e-01   9.1497631e-01
   8.3965488e-01   9.0978675e-01
   8.4499789e-01   9.1274229e-01
   8.5133864e-01   9.1093818e-01
   8.4169789e-01   8.9812988e-01
   8.4562253e-01   9.0370321e-01
   8.5722021e-01   9.0428637e-01
   8.3714250e-01   9.6485119e-01
   8.6151749e-01   9.4194349e-01
   8.5758370e-01   9.4730825e-01
   8.4401246e-01   9.5507350e-01
   8.5113052e-01   9.4912152e-01
   8.4893578e-01   9.4301229e-01
   8.4664816e-01   9.3759529e-01
   8.3623394e-01   9.2262213e-01
   8.4461709e-01   9.4951509e-01
   8.4555909e-01   9.3114367e-01
   8.5458751e-01   9.1959348e-01
   8.6065220e-01   9.0592556e-01
   8.4267112e-01   9.7295420e-01
  -2.5758812e-01   9.4881511e-01
  -2.5293183e-01   9.6042740e-01
  -2.4763440e-01   9.1281882e-01
  -2.5346755e-01   8.7190747e-01
  -2.7261369e-01   8.5639064e-01
  -2.6555751e-01   7.8957017e-01
  -2.6966295e-01   6.9480157e-01
  -2.6929336e-01   6.8790964e-01
  -2.6282988e-01   6.6156735e-01
  -2.5399420e-01   5.5632712e-01
  -2.5780257e-01   5.4771814e-01
  -2.4896662e-01   4.9157126e-01
  -2.5536601e-01   4.4850569e-01
  -2.6140557e-01   4.5974165e-01
  -2.4704610e-01   3.9295083e-01
  -2.6667481e-01   3.8389122e-01
  -2.6684630e-01   3.2746793e-01
  -2.6185235e-01   3.3145054e-01
  -2.6764201e-01   2.6732896e-01
  -2.6914832e-01   2.5405825e-01
  -2.6604945e-01   2.5709900e-01
  -2.6528435e-01   2.1249998e-01
  -2.6202767e-01   2.1522018e-01
  -2.6741015e-01   2.0774160e-01
  -2.6391241e-01   1.5335382e-01
  -2.5965102e-01   1.5832229e-01
  -2.4880042e-01   1.7704879e-01
  -2.4869925e-01   1.5140825e-01
  -2.6158306e-01   1.4495174e-01
  -2.6208875e-01   1.6559582e-01
  -2.4684570e-01   1.3494459e-01
  -2.4770934e-01   1.4646863e-01
  -2.5142687e-01   1.3932531e-01
  -2.5561547e-01   1.0717857e-01
  -2.7235251e-01   6.8403304e-02
  -2.6272449e-01   7.8458262e-02
  -2.6245852e-01   1.1845800e-01
  -2.7051055e-01   7.5520555e-02
  -2.4682757e-01   6.9298248e-02
  -2.6228791e-01   1.0299916e-01
  -2.6160196e-01   7.6767954e-02
  -2.4918295e-01   4.2019521e-02
  -2.4755590e-01   1.0361702e-01
  -2.5379589e-01   4.2257768e-02
  -2.5936357e-01   5.2583224e-02
  -2.5958989e-01   3.9491630e-02
  -2.5055237e-01   9.1682224e-02
  -2.6204457e-01   8.7128836e-02
  -2.5788198e-01   8.6596073e-02
  -2.6616896e-01   4.7961349e-02
  -2.7146416e-01   3.5858352e-02
  -2.6262937e-01   7.8588229e-02
  -2.5677807e-01   3.1230511e-02
  -2.5025017e-01   4.5718763e-02
  -2.5829670e-01   3.9547935e-02
  -2.6633458e-01   3.9608816e-02
  -2.5633473e-01   2.5278223e-02
  -5.7788913e-01   2.9221833e-02
