  -5.0209544e-01   6.0001744e-02
  -2.2715440e-01  -1.7504993e-02
  -1.3713325e-01   1.2936143e-02
   6.6177297e-01   4.3851246e-01
   6.4929364e-01   4.1640770e-01
  -9.4002775e-02   6.3943497e-02
  -2.3887966e-01   6.0149590e-02
   8.5173709e-01   9.9541151e-01
   4.8168725e-01   1.6372327e-01
   4.7526615e-01   2.1629482e-01
   8.9383200e-01   1.0441267e+00
   2.0199411e-02   3.5444213e-03
   5.8375837e-01   2.6477440e-01
  -9.5652995e-02   1.1173125e-02
   6.9839742e-01   5.4266613e-01
  -2.1913834e-01  -8.0712327e-03
   4.7675302e-01   1.6918863e-01
   9.5287711e-01   1.3204542e+00
   4.6598116e-02   4.8618941e-02
  -1.4016940e-01  -3.0312986e-02
  -5.8568383e-01  -5.0628566e-02
  -3.5319724e-01   1.0771872e-01
  -7.7825956e-01  -1.5820205e-01
  -2.4957989e-01  -1.2129494e-02
  -3.4019204e-01  -5.0423977e-03
  -3.1578966e-01  -1.5289327e-02
   6.3423770e-01   3.7669525e-01
   6.3370628e-02   1.7765338e-02
   4.2244097e-02   4.2037569e-02
   5.4861942e-01   2.8322967e-01
  -7.5947446e-01  -6.4698282e-02
   2.5090030e-01   6.7270073e-03
  -3.0670263e-01   7.0835760e-02
  -3.3076123e-01   1.0699615e-01
   1.4923313e-01  -5.3735925e-03
   7.2787528e-01   5.5993752e-01
  -6.0287386e-01   3.8818979e-02
   3.4490193e-01   1.2237694e-02
   8.0366274e-01   7.5958404e-01
  -6.0168564e-01  -6.2072360e-03
  -4.0343170e-01   5.9161798e-02
  -6.9594595e-03   1.6998324e-02
   7.7980846e-01   6.7339438e-01
   2.8291797e-03  -5.3005502e-02
  -4.4600952e-01   8.6352524e-03
   6.7916357e-02   2.6856619e-02
   1.4849911e-01  -1.8644658e-02
  -1.7439120e-01   7.2426884e-02
  -9.7047267e-01  -2.5781689e-01
   4.0552961e-01   7.4926521e-02
   1.3494303e-02  -6.4241507e-02
  -2.3746780e-01   4.5063801e-02
  -8.7013693e-01  -1.6227708e-01
  -2.8284008e-01   1.4673386e-02
  -5.3149751e-01   2.1484930e-02
  -5.9299189e-01  -3.6744196e-02
   6.2755917e-01   4.3211890e-01
  -2.1313081e-01   2.9490638e-02
  -8.9284966e-01  -2.1645772e-01
  -2.4989684e-01  -2.5011150e-03
   5.4998835e-01   1.8796231e-01
  -6.6940476e-01  -9.5699302e-02
   8.2443779e-01   9.0656514e-01
  -3.6158844e-01   8.1510484e-02
  -3.4044066e-01   5.8451021e-04
  -5.9152866e-01   5.8112552e-02
   5.3442947e-01   2.4892232e-01
  -8.6005370e-01  -1.6430022e-01
   9.0006790e-01   1.1972989e+00
  -6.8358043e-01  -1.0760623e-01
  -4.2710827e-01   3.0159986e-02
   3.7425823e-01   6.5436123e-02
  -7.1770035e-01  -5.2332016e-02
   2.4173301e-02  -6.1017328e-02
   4.4265385e-01   1.4273034e-01
   8.5769027e-01   9.1052543e-01
   4.6420770e-01   1.4900589e-01
   4.9969604e-01   2.0932812e-01
  -1.8536079e-01   2.6324970e-02
  -5.2101661e-01   4.1647552e-02
   4.1700950e-02  -4.4370181e-02
  -5.6184528e-01   3.3823931e-02
   6.8477581e-01   4.6949136e-01
   3.2586582e-01  -1.6278519e-02
   6.3247057e-01   3.6260592e-01
   5.8775520e-01   2.6856286e-01
  -6.1789593e-02  -2.7682084e-02
  -3.8095004e-01   6.0514833e-02
   3.7515850e-01   7.0638162e-02
   9.7370445e-01   1.4250826e+00
   5.3986775e-01   1.9095490e-01
   6.5916169e-01   4.8213847e-01
   4.1216953e-01   1.4478803e-01
   1.9067284e-01  -3.2237151e-02
   5.0574824e-01   2.0295806e-01
  -6.5555923e-03   3.9930369e-02
   7.3026531e-01   6.5688178e-01
  -8.6394461e-01  -1.3160726e-01
   9.3709188e-01   1.2613566e+00
  -8.0248738e-01  -1.7769810e-01
   9.3954173e-02   3.4362978e-02
  -1.9406018e-01  -2.4773467e-02
  -7.8591969e-01  -1.6380323e-01
   4.4833234e-01   1.0539806e-01
   2.2736470e-01   5.3347726e-02
   5.6593639e-01   2.7936007e-01
   1.3324116e-01   5.0974253e-03
   6.2263832e-01   4.2122983e-01
   1.5355172e-01   4.6164005e-03
   8.8805839e-01   1.0144091e+00
   7.4290430e-01   6.6877006e-01
   1.5204416e-02   1.3495672e-02
   5.7764633e-01   2.8288087e-01
  -5.3938718e-02  -2.5065804e-02
   6.5760340e-01   3.9490731e-01
  -3.5503682e-01   4.0804478e-02
   9.5229307e-01   1.3040851e+00
  -4.4357792e-01  -2.4101945e-02
  -8.5433839e-01  -2.2662744e-01
   5.0244721e-01   1.4905976e-01
   6.6237724e-01   3.9623175e-01
   8.4467619e-01   9.4333045e-01
  -3.4595141e-01   8.8639434e-02
   6.0813853e-01   3.7937753e-01
   7.6500667e-02   3.5731695e-02
  -7.3410242e-02   3.9464873e-02
   6.4150050e-01   4.4723686e-01
   9.0381301e-01   1.1824892e+00
  -8.4745422e-01  -2.1475569e-01
   4.1734213e-01   1.6747618e-01
  -5.3014711e-01  -3.4057664e-02
  -2.0220888e-01   5.1543301e-02
  -4.6375115e-01  -3.4166160e-03
   6.6502663e-01   4.0813957e-01
   9.9074762e-01   1.4935747e+00
   2.9950197e-01  -1.5000857e-02
   4.0790566e-01   9.1851466e-02
   8.6460640e-01   1.0606247e+00
   3.7530510e-01   5.2769614e-02
   1.3670784e-01   4.9913484e-03
  -2.3830494e-01   5.0114130e-02
   2.6915897e-01   4.6150934e-02
  -2.7354276e-01   2.5215728e-02
  -1.8476111e-01   7.8145253e-02
  -2.6260055e-01   9.6789127e-02
  -6.3202479e-02   4.3870948e-02
   6.8276866e-03  -3.0819357e-02
   8.2107156e-01   8.9261519e-01
  -5.8713796e-01  -4.5528623e-02
  -3.2279265e-01   4.3163883e-02
   1.4825124e-01   9.2533277e-03
  -2.6135121e-02   3.1894486e-02
  -4.7556203e-01   1.8270914e-02
   1.5918693e-01   2.6546518e-02
   7.5665540e-01   7.1606251e-01
  -8.7809956e-01  -2.6777223e-01
  -1.1824706e-01  -3.3165134e-02
  -8.3148400e-01  -1.0663267e-01
   1.2647523e-01  -1.8127613e-02
   7.8621161e-02  -1.9091263e-02
   5.3611580e-01   2.8966135e-01
  -5.3381946e-01   5.6879981e-02
   1.7472348e-01   6.3347370e-02
  -8.2052266e-02  -2.5623527e-02
   7.2196304e-01   5.1609674e-01
   3.2167219e-01   2.1007859e-02
  -2.9224167e-01   4.0647925e-02
  -3.0562740e-01   5.1400123e-02
  -4.9256380e-01   9.8240507e-02
   9.0505629e-01   1.1469756e+00
  -4.0359802e-01   2.8562275e-02
  -6.8318784e-01   2.7209024e-02
  -2.7740589e-01   5.8978384e-03
   4.8325819e-01   1.8420611e-01
   4.1180002e-01   1.5894953e-01
   4.0178435e-01   1.1016556e-01
  -9.8754843e-01  -3.7040827e-01
  -2.5130880e-01   4.1066835e-02
   8.0299124e-01   7.2494044e-01
  -3.6331034e-01   9.7235739e-02
   1.9416585e-01  -1.4867174e-02
  -4.0440964e-01   1.4563106e-02
  -7.4997124e-01  -2.4084291e-02
  -2.2328866e-01   2.7807494e-02
   6.3537549e-01   3.5549494e-01
   9.6235141e-01   1.3281699e+00
   7.2397967e-01   5.8908487e-01
  -8.3235824e-01  -2.0688074e-01
  -3.2457602e-01  -1.7157640e-02
  -5.2774167e-01   3.4748011e-02
  -3.6438922e-01   1.3686595e-02
   9.6889681e-01   1.3961881e+00
   9.6501783e-02   2.4239167e-02
   4.9850252e-01   2.2841682e-01
   6.8370347e-01   4.6255360e-01
  -6.6622059e-01   3.2299384e-02
   8.0619522e-01   8.6802928e-01
  -7.8975174e-01  -1.6046728e-01
   4.9018619e-01   2.0629602e-01
   4.5874388e-01   1.5177879e-01
